xi
{-0.7745966692414833770358530, 0, 0.7745966692414833770358530,
-0.7745966692414833770358530, 0, 0.7745966692414833770358530,
-0.7745966692414833770358530, 0, 0.7745966692414833770358530,
-0.7745966692414833770358530, 0, 0.7745966692414833770358530,
-0.7745966692414833770358530, 0, 0.7745966692414833770358530,
-0.7745966692414833770358530, 0, 0.7745966692414833770358530,
-0.7745966692414833770358530, 0, 0.7745966692414833770358530,
-0.7745966692414833770358530, 0, 0.7745966692414833770358530,
-0.7745966692414833770358530, 0, 0.7745966692414833770358530};

eta
{-0.7745966692414833770358530, -0.7745966692414833770358530,
-0.7745966692414833770358530, 0, 0, 0, 0.7745966692414833770358530,
0.7745966692414833770358530, 0.7745966692414833770358530,
-0.7745966692414833770358530, -0.7745966692414833770358530,
-0.7745966692414833770358530, 0, 0, 0, 0.7745966692414833770358530,
0.7745966692414833770358530, 0.7745966692414833770358530,
-0.7745966692414833770358530, -0.7745966692414833770358530,
-0.7745966692414833770358530, 0, 0, 0, 0.7745966692414833770358530,
0.7745966692414833770358530, 0.7745966692414833770358530};

zeta
{-0.7745966692414833770358530, -0.7745966692414833770358530,
-0.7745966692414833770358530, -0.7745966692414833770358530,
-0.7745966692414833770358530, -0.7745966692414833770358530,
-0.7745966692414833770358530, -0.7745966692414833770358530,
-0.7745966692414833770358530, 0, 0, 0, 0, 0, 0, 0, 0, 0,
0.7745966692414833770358530, 0.7745966692414833770358530,
0.7745966692414833770358530, 0.7745966692414833770358530,
0.7745966692414833770358530, 0.7745966692414833770358530,
0.7745966692414833770358530, 0.7745966692414833770358530,
0.7745966692414833770358530};

weight
0.171467764060356652949245541838, 0.274348422496570644718792866941,
0.171467764060356652949245541838, 0.274348422496570644718792866941,
0.438957475994513031550068587106, 0.274348422496570644718792866941,
0.171467764060356652949245541838, 0.274348422496570644718792866941,
0.171467764060356652949245541838, 0.274348422496570644718792866941,
0.438957475994513031550068587106, 0.274348422496570644718792866941,
0.438957475994513031550068587106, 0.702331961591220850480109739369,
0.438957475994513031550068587106, 0.274348422496570644718792866941,
0.438957475994513031550068587106, 0.274348422496570644718792866941,
0.171467764060356652949245541838, 0.274348422496570644718792866941,
0.171467764060356652949245541838, 0.274348422496570644718792866941,
0.438957475994513031550068587106, 0.274348422496570644718792866941,
0.171467764060356652949245541838, 0.274348422496570644718792866941,
0.171467764060356652949245541838 };

xx
0.8, -1, 0.8,
0.8, -1, 0.8, 0.8, -1,
0.8, 0.8, -1, 0.8,
0.8, -1, 0.8, 0.8, -1,
0.8, 0.8, -1, 0.8,
0.8, -1, 0.8, 0.8, -1,
0.8 };

xy
VECTOR([0.6, 0, -0.6, 0, 0, 0,
-0.6, 0, 0.6, 0.6, 0,
-0.6, 0, 0, 0, -0.6, 0,
0.6, 0.6, 0, -0.6, 0,
0, 0, -0.6, 0, 0.6])

xz
VECTOR([0.6, 0, -0.6,
0.6, 0, -0.6, 0.6, 0,
-0.6, 0, 0, 0, 0, 0, 0, 0, 0, 0, -0.6,
0, 0.6, -0.6, 0, 0.6,
-0.6, 0, 0.6])

yy
VECTOR([0.8, 0.8, 0.8,
-1, -1, -1, 0.8, 0.8,
0.8, 0.8, 0.8,
0.8, -1, -1, -1, 0.8,
0.8, 0.8, 0.8,
0.8, 0.8, -1, -1, -1,
0.8, 0.8, 0.8])

yz
VECTOR([0.6, 0.6,
0.6, 0, 0, 0, -0.6,
-0.6, -0.6, 0, 0, 0, 0, 0, 0, 0, 0, 0,
-0.6, -0.6, -0.6, 0,
0, 0, 0.6, 0.6, 0.6])

zz
VECTOR([0.8, 0.8, 0.8,
0.8, 0.8, 0.8,
0.8, 0.8, 0.8, -1, -1,
-1, -1, -1, -1, -1, -1, -1, 0.8, 0.8,
0.8, 0.8, 0.8,
0.8, 0.8, 0.8,
0.8])
