Grobgitter
Parametrisierung PARXC, PARYC, TMAXC
    2360    1244   0    3    1         NEL NVT NMT NVE NBCT
DCORVG
0 0
0.504045 0.438778
1 0
0.609498 0.111493
3 0
1.55048 0
0.6535 0
2.5 0
3.44632 0
0.401996 0
0.756036 0.201565
0.279416 0.257997
0.772633 0.711277
0.218575 0.709986
0.514956 0
1.30226 0
0.192843 0
2.24395 0
3.21975 0
0.787089 0.439376
0.429375 0.19377
0.469719 0.733687
0.260171 0.45023
0.584814 0.848038
0.81595 0
3.7105 0
1.78141 0
2.75681 0
0.865783 0.113887
0.132714 0.11236
0.876929 0.84529
0.556669 0.678709
0.892779 0.619112
0.492353 0.106764
0.353185 0.586198
0.327184 0.335529
0.59071 0.211189
0.613548 0.453582
0.666508 0.02437
0.118941 0.367903
0.462521 0.838035
0.113592 0.626947
0.341874 0.848662
0.579531 0
0.880068 0.375938
0.917491 0.893309
1.16629 0
0.06903 0
2.125 0
3.09975 0
0.757869 0.59287
0.38081 0.157966
0.553033 0.623249
0.216356 0.339223
0.547991 0.16382
0.557165 0.332515
0.795911 0.0958576
0.41779 0.388939
0.123231 0.228935
0.63903 0.716643
1.66573 0
0.123449 0.501015
2.63187 0
0.531602 0.0561993
1.42548 0
0.850197 0.685709
2.36931 0
0.105231 0.741884
0.762031 0.32682
0.654557 0.235623
0.421305 0.0664593
0.32224 0.514488
0.66154 0.0722632
0.89603 0.721694
0.194057 0.850522
0.876809 0.246211
0.886303 0
3.85145 0
0.736997 0.849054
1.89825 0
2.87664 0
0.883189 0.500131
0.484067 0.57292
0.739 0
3.57125 0
0.505613 0.853468
3.31328 0
0.980303 0.649951
0.915454 0.0698007
0.0463332 0.0493682
0.50318 0.289456
0.641658 0.506758
0.818093 0.537858
0.38435 0.105746
0.306017 0.620457
0.299945 0.391646
0.524553 0.222431
0.612849 0.283751
0.782671 0.0365364
0.414906 0.27633
0.0546954 0.330327
0.631844 0.903823
0.943719 0.584653
0.0583194 0.589616
0.445145 0.887258
0.581934 0.062337
0.939296 0.3375
0.283433 0.163251
0.680608 0.94979
0.169463 0.66573
0.555539 0.652795
0.81889 0.287128
0.432936 0.13354
0.839383 0.602008
0.442681 0.785927
0.187999 0.401297
0.889505 0.747608
0.693104 0.028704
0.801916 0.157565
0.163058 0.168565
0.941876 0.811111
0.153228 0.783476
0.848291 0.0530866
0.160037 0.0562745
0.0571442 0.191483
0.831161 0.89874
0.0519402 0.816576
0.155236 0.948149
0.833394 0.740301
0.456923 0
0.553176 0.110537
0.402712 0.63766
0.528888 0.64117
0.386815 0.488467
0.650117 0.18105
0.536336 0.395719
0.697612 0.375425
0.578169 0.509206
0.743386 0.139646
0.170749 0.278765
0.061528 0.46313
0.564873 0.925005
0.183481 0.547975
0.0591108 0.707342
0.311231 0.901925
0.81988 0.416395
0.271312 0.0538475
0.937042 0.20568
0.41106 0.699738
0.545832 0.810188
0.948714 0.690634
0.941487 0.46224
0.341065 0
1.10288 0
0.375743 0.893929
2.06312 0
3.04966 0
0.628791 0.480957
0.353411 0.63582
0.243175 0.394071
0.48099 0.175977
0.557656 0.269124
0.387925 0.333102
0.0600309 0.261095
0.609095 0.561296
1.60706 0
0.060725 0.52762
2.56569 0
1.36577 0
0.223415 0.171086
2.30667 0
0.159194 0.723909
0.559 0.70578
0.759891 0.264167
0.666127 0.589128
0.362691 0.385503
0.188645 0.475521
0.108116 0.163049
0.260874 0.759892
0.676995 0.444834
0.875799 0.179822
0.218844 0.0574436
0.0564737 0.117883
0.803093 0.844541
1.83781 0
0.0519249 0.759465
2.81813 0
0.888333 0.558946
0.820593 0.695903
0.234714 0.652043
0.416465 0.58367
0.295618 0.281459
0.446912 0.444933
0.475142 0.392598
0.764787 0.389695
0.531551 0.492146
0.698486 0.185713
0.166186 0.340442
0.0610968 0.397693
0.529471 0.749764
0.560358 0.869529
0.247956 0.522303
0.0547849 0.650589
0.291572 0.851458
0.764143 0.898959
0.88109 0.43874
0.878996 0.311796
0.0337016 0.353867
0.371428 0.218681
1.23556 0
0.100074 0.0536122
2.18755 0
0.0541024 0.875289
0.346306 0.465445
0.278824 0.698886
0.0793962 0.832951
0.586131 0.389838
0.608165 0.620846
0.20188 0.232544
0.549321 0.591491
1.72274 0
0.117575 0.565799
2.69375 0
1.48828 0
2.43409 0
0.678461 0.301485
0.690393 0.125953
0.362991 0.0530679
0.695978 0.465512
0.94338 0.873706
0.102798 0.915745
0.932953 0.136915
3.92381 0
0.891586 0.908494
1.96782 0
2.93704 0
0.823032 0.477945
0.115977 0.300658
3.64025 0
0.797311 0.638202
0.658829 0.7752
0.673806 0.207641
0.942878 0.523426
3.38335 0
0.60937 0.824172
0.51119 0.907238
0.581381 0.119624
0.940042 0.400422
0.938456 0.2727
0.252108 0.112118
0.443728 0.522374
0.720184 0.948192
0.110192 0.686284
0.457405 0.671068
0.696664 0.657887
0.814865 0.22211
0.820742 0.351529
0.49521 0.800248
0.808844 0.565132
0.12398 0.434204
0.192064 0.112864
0.946095 0.75164
0.0976864 0.790995
0.215119 0.797406
0.130294 0
3.779 0
3.15617 0
0.207678 0.913304
3.50542 0
0.423638 0.80249
0.257209 0
0.952605 0.940856
0.0485512 0.949452
0.720394 0.738615
0.448801 0.965193
0.237175 0.586542
0.510337 0.689779
0.642425 0.402133
0.301972 0.8024
0.0870545 0.314866
0.452828 0.619522
0.924103 0.675648
0.388089 0.439958
0.72037 0.423511
0.515755 0.525792
0.676113 0.834504
0.710166 0.240731
0.252858 0.879418
0.409081 0.824944
0.853167 0.951559
0.84696 0.65329
0.711896 0.513907
0.331234 0.177028
0.318924 0.744392
0.269284 0.336215
0.972464 0.0571956
0.466299 0.233752
0.383856 0.537758
0.595424 0.752263
0.502447 0.630723
0.340588 0.945413
0.60734 0.948562
0.198984 0.766768
0.628381 0.344814
0.341702 0.433978
0.169929 0.603049
0.773489 0.781413
0.276777 0.820791
0.66407 0.357523
0.694023 0.892302
0.155484 0.893194
0.888519 0.778085
0.906872 0.959032
1.06864 0
0.293804 0.5679
0.505481 0.354572
0.35402 0.278356
0.714381 0.792845
0.689384 0.411568
0.388495 0.761172
0.645066 0.661765
0.792587 0.943986
0.602867 0.685198
0.449332 0.337302
0.232247 0.284343
0.887335 0.879312
0.269239 0.94215
0.509891 0.467772
0.968545 0.0240832
0.634255 0.799846
0.974615 0.97099
0.0229524 0.971149
0.79491 0.467746
0.433771 0.100099
0.319067 0.665014
0.286749 0.424507
0.53439 0.191717
0.573206 0.242812
0.81527 0.0471137
0.437402 0.307575
0.0283347 0.307862
0.634323 0.603036
0.971436 0.566874
0.0296056 0.57158
2.53472 0
0.584756 0.0310196
0.969499 0.319446
0.235166 0.1972
0.707752 0.97561
0.135512 0.704965
0.517952 0.719637
0.787427 0.243495
0.731951 0.284192
0.406014 0.146807
0.711596 0.689165
0.698008 0.335858
0.313559 0.362599
0.225766 0.425637
0.513843 0.0795178
0.695179 0.0728023
0.780575 0.179987
0.146874 0.200026
0.91711 0.765106
0.159898 0.841107
0.843108 0.198647
0.852805 0
0.207849 0.0290369
0.0574586 0.154206
0.837241 0.84616
0.971119 0.795927
0.0257446 0.799238
2.78747 0
0.915142 0.540821
0.80512 0.726265
0.416121 0.0312
0.510963 0.132552
0.264802 0.641749
0.755402 0.872958
0.337233 0.254044
0.43223 0.417127
0.621884 0.22759
0.517742 0.413635
0.733359 0.377241
0.54977 0.517762
0.721149 0.164404
0.694 0
0.116596 0.334548
0.0305399 0.445703
0.481036 0.765673
0.616383 0.857419
0.219339 0.498102
0.0261419 0.661177
0.315687 0.830786
0.420707 0.860225
0.632075 0.0687821
0.851765 0.458539
0.908525 0.29213
0.281504 0.0224737
0.377411 0.187772
0.967941 0.185433
0.113693 0.0844703
2.15625 0
0.0800348 0.863836
0.865292 0.606951
0.720297 0.454173
0.299374 0.137895
0.37469 0.670452
0.393631 0.916892
0.202415 0.37126
0.45206 0.0241025
0.458307 0.151708
0.56535 0.139249
0.597157 0.423328
0.830079 0.106756
0.765496 0.0853356
0.48079 0.206551
0.338397 0.551105
0.0893522 0.210671
0.151814 0.254882
0.605635 0.716575
0.518497 0.581314
0.97433 0.677391
0.0924945 0.481548
0.153562 0.522378
0.322236 0.971041
0.579065 0.0920084
0.543813 0
0.970548 0.444017
0.209025 0.141512
0.234397 0.0850423
2.4 0
0.188294 0.716374
0.0815508 0.72399
0.792106 0.371042
0.574298 0.359086
0.645031 0.292494
0.343313 0.0784565
0.461128 0.0569572
0.356506 0.496433
0.141501 0.646033
0.769985 0.844704
0.91587 0.628513
0.0906097 0.382576
0.668598 0.389226
0.903796 0.15868
0.849754 0.331635
0.891452 0.0928925
0.0551051 0.0812207
0.705253 0.839717
0.945278 0.906854
0.0735332 0.9255
0.910669 0.419319
0.416272 0.498563
0.736834 0.564814
0.73517 0.0323629
0.0613229 0.364281
0.477531 0.866231
0.535994 0.889116
0.0860699 0.608175
0.310459 0
0.0856496 0.0264879
0.928597 0.951394
1.93142 0
0.024623 0.914942
2.90684 0
0.852739 0.522222
0.581959 0.539084
0.357027 0.137508
0.248468 0.704542
0.578711 0.60631
0.530033 0.310298
0.7795 0
0.804728 0.788659
0.485975 0.368862
0.0885814 0.279978
0.130922 0.903297
0.502719 0.499266
0.283415 0.882702
0.454699 0.925539
0.909582 0.356379
0.555261 0.216912
0.212334 0.565954
0.50612 0.660722
0.656875 0.691618
0.847628 0.266686
0.790388 0.307265
0.717878 0.630442
0.770768 0.67863
0.474177 0.814545
0.397894 0.793011
0.150822 0.386372
0.50385 0.022213
0.838527 0.714273
0.910823 0.82758
0.129512 0.762336
0.184253 0.791142
0.175494 0.0845396
0.145494 0.0279513
0.0312849 0.243682
0.863262 0.902443
0.74076 0.921883
0.107881 0.816801
0.0267098 0.859259
0.182278 0.929785
0.599815 0.14483
0.429225 0.657231
0.37712 0.61398
0.285009 0.225402
0.397252 0.242652
0.283896 0.109124
0.293206 0.480936
0.596759 0.178377
0.119427 0.13952
0.432623 0.362486
0.595593 0.48244
0.660177 0.120451
0.174609 0.306884
0.217754 0.256979
0.0304773 0.509844
0.65321 0.925067
0.868229 0.661395
0.299195 0.59422
0.0269443 0.739675
0.359963 0.919322
0.236544 0.926147
0.850378 0.395866
0.906584 0.225874
0.250304 0.792341
0.540023 0.77911
0.92235 0.706652
0.912415 0.480826
0.864707 0.791148
0.964603 0.115306
0.034515 0
2.09406 0
0.257311 0.366204
0.590039 0.303566
0.514452 0.254234
0.374243 0.359686
0.37191 0.305103
0.68636 0.749758
0.749186 0.725456
0.973738 0.623873
0.0899077 0.546365
0.388482 0.970541
0.969897 0.38254
2.33781 0
0.581716 0.666982
0.42146 0.747653
0.461548 0.702378
0.363249 0.442602
0.156204 0.454243
0.148304 0.140035
0.85979 0.757963
0.458101 0.469076
3.88572 0
0.971242 0.855272
0.0750385 0.777107
0.139203 0.972708
0.828502 0.670242
0.199999 0.655363
0.406057 0.559039
0.311213 0.308253
0.766768 0.420308
0.732358 0.221212
3.60702 0
0.0919454 0.415784
0.553562 0.838835
0.272871 0.546429
0.0819051 0.668684
0.977047 0.0876889
0.369472 0.844817
0.292684 0.0790847
0.968917 0.253659
2.2159 0
0.779964 0.617059
0.973295 0.737319
0.143489 0.585196
2.72528 0
0.971241 0.505903
2.46875 0
0.635962 0.374827
0.875349 0.684302
3.9619 0
0.447498 0.249028
0.623084 0.534253
0.741596 0.786902
0.202341 0.880867
0.544679 0.946071
0.798862 0.896816
0.596337 0.914965
0.291047 0.7521
3.81622 0
3.28218 0
0.0247362 0.68523
0.476002 0.625541
0.647295 0.451791
0.822605 0.948637
0.883331 0.954473
0.678824 0.514491
0.229416 0.764861
1.03368 0
0.666473 0.807108
2.03156 0
3.02483 0
0.79437 0.495835
0.408678 0.119333
0.328977 0.635334
0.256234 0.418738
0.505156 0.198334
0.542775 0.245712
0.803999 0.0215249
0.647141 0.0466862
0.0296281 0.275345
0.605852 0.591011
1.57877 0
0.0301583 0.54096
0.482428 0.976
0.556143 0.046086
1.33402 0
0.256389 0.173531
0.739498 0.975056
0.131815 0.733231
0.536454 0.697369
0.758625 0.232568
0.760903 0.295766
0.381649 0.129518
0.699654 0.719981
0.342299 0.365395
0.223114 0.462413
0.487048 0.0701636
0.679212 0.0501104
0.751143 0.171004
0.116174 0.193975
0.402393 0.467631
0.130391 0.837951
0.875055 0.212706
0.836806 0.0249729
0.189875 0.0567155
0.0280293 0.168126
0.85231 0.873988
1.80961 0
0.0259374 0.769196
0.227172 0.974921
0.885942 0.527971
0.794298 0.696859
0.428067 0
0.525256 0.107509
0.29856 0.643775
0.468057 0.597176
0.324696 0.28005
0.417446 0.44231
0.973645 0
0.490623 0.417138
0.741638 0.40767
0.144814 0.289344
0.143915 0.320964
0.674942 0.541234
0.49925 0.742341
0.612779 0.885974
0.215288 0.532326
0.051263 0.682833
0.409847 0.889781
0.640128 0.0977828
0.88196 0.469634
0.878092 0.27923
0.352096 0.025299
0.215987 0.600936
1.20093 0
0.129801 0.0557959
0.862967 0.977002
0.0530459 0.846223
0.872046 0.634696
0.701992 0.438565
0.514344 0.16464
0.330305 0.141741
0.401595 0.668443
0.683866 0.565694
0.174692 0.372612
0.244729 0.342749
0.450927 0.177083
0.582285 0.455969
0.597572 0.234268
0.822711 0.0754138
0.761622 0.113821
0.904012 0.033989
0.355405 0.527384
0.0912048 0.244854
0.148757 0.22816
0.575903 0.728611
0.524765 0.610498
1.69411 0
0.091809 0.514221
0.147891 0.555121
0.355403 0.971701
0.548714 0.0791777
0.530983 0.0271357
1.45688 0
0.1942 0.16946
0.245208 0.0594578
0.619372 0.974902
0.209958 0.738505
0.0783405 0.750327
0.762895 0.358542
0.590846 0.331608
0.634513 0.260246
0.691999 0.156674
0.373402 0.0811789
0.437221 0.0457452
0.326257 0.483499
0.142414 0.615364
0.704765 0.0990542
0.61395 0.0449163
0.784902 0.87166
0.928956 0.64759
0.731581 0.0850524
0.87358 0.146305
0.879625 0.344011
0.856762 0.0838233
0.0710624 0.05184
0.696241 0.812244
0.820415 0.817375
0.971668 0.885663
0.0472754 0.925942
0.85857 0.577672
0.880482 0.407544
0.411724 0.529278
0.737733 0.506363
0.757818 0.0251935
0.0884236 0.348772
0.449136 0.86088
0.506957 0.879008
0.0842434 0.638541
0.926758 0.103686
0.914319 0
0.0275128 0.0975869
0.912524 0.9304
0.97453 0.915841
0.0263847 0.887607
0.110101 0.972529
0.852693 0.489591
0.823852 0.583798
0.354413 0.109668
0.225635 0.680635
0.321196 0.575796
0.284976 0.364138
0.577387 0.57393
0.565929 0.187609
0.530332 0.338748
0.707205 0.304114
0.752746 0.0570685
0.505892 0.387129
0.167978 0.575334
0.0310667 0.380217
0.107317 0.882781
0.916486 0.600123
0.943469 0.553896
0.0877642 0.577561
0.0290275 0.602114
0.262187 0.853105
0.679054 0.919253
0.612437 0
0.458678 0.295084
0.939671 0.36915
0.938928 0.305376
0.727495 0.815526
0.348437 0.197523
0.444028 0.571688
0.237893 0.620715
0.139171 0.676073
0.192933 0.584557
0.484083 0.681447
0.672125 0.668806
0.81729 0.254732
0.820005 0.319325
0.444284 0.0760154
0.429435 0.162038
0.750447 0.623863
0.774144 0.648517
0.450025 0.811654
0.379788 0.816191
0.155275 0.419314
0.230306 0.366835
0.716882 0.0499362
0.820523 0.1358
0.810817 0.19046
0.943801 0.781063
0.94161 0.841881
0.124622 0.788581
0.174301 0.766903
0.882026 0.0607938
0.162098 0.112432
0.0865907 0.138116
0.211279 0.307945
0.874436 0.928784
0.78318 0.917687
0.107008 0.850454
0.0260922 0.829426
0.155538 0.919759
0.21109 0.94626
0.867337 0.718449
0.802502 0.759124
0.482111 0.0350353
0.429919 0.628832
0.376266 0.644508
0.259017 0.208758
0.385083 0.275007
0.288158 0.451608
0.627968 0.162398
0.644902 0.208917
0.460775 0.366204
0.527462 0.44167
0.7165 0.484514
0.655538 0.324855
0.544632 0.424557
0.635005 0.0212769
0.199501 0.281805
0.0926996 0.44863
0.0306584 0.478077
0.624878 0.929444
0.0293613 0.71032
0.280819 0.615412
0.155323 0.488297
0.0828005 0.696487
0.357037 0.334148
0.330334 0.920408
0.231022 0.894461
0.489172 0.923498
0.820922 0.383927
0.222094 0.11314
0.937812 0.239414
0.935722 0.171413
0.433053 0.686939
0.829569 0.165002
0.597171 0.785991
0.521879 0.798591
0.947468 0.721649
0.953306 0.654902
0.942161 0.492726
0.940728 0.431403
0.372127 0
1.13311 0
0.0250519 0.0266448
0.919894 0.978828
0.0240503 0.943589
0.764024 0.566739
0.349388 0.662489
0.218033 0.393797
0.46141 0.121257
0.560707 0.301528
0.487419 0.25983
0.403261 0.360973
0.65161 0.744416
0.725619 0.711831
1.63498 0
0.417642 0.973421
1.39563 0
0.232402 0.227817
0.680811 0.979952
0.164505 0.695756
0.580191 0.69723
0.704821 0.214169
0.401976 0.729679
0.437061 0.722304
0.373893 0.466756
0.0847093 0.176111
0.133677 0.167522
0.885654 0.810951
0.188741 0.820141
0.172072 0.872582
0.225461 0
0.480171 0.483448
0.0283108 0.133479
0.757028 0.81539
0.837907 0.790173
1.8679 0
0.167319 0.975657
0.38745 0.585568
0.263693 0.284437
0.446707 0.391293
0.478244 0.517138
0.441926 0.276362
0.715895 0.358144
0.246038 0.314344
0.562942 0.484403
0.190794 0.327459
0.145265 0.354124
0.432516 0.545947
0.709409 0.866759
0.491253 0.833603
0.531475 0.86039
0.666777 0.268107
0.282949 0.514477
0.267842 0.580229
3.34922 0
0.227865 0.858883
0.319796 0.869905
0.707583 0.92107
0.395621 0.844479
0.33308 0.0488163
0.30138 0.0470729
0.40094 0.208624
1.26891 0
0.0837883 0.102061
0.0996621 0
0.802685 0.972589
0.269867 0.728667
0.334556 0.687773
0.633206 0.131151
0.557051 0.379028
0.713972 0.398413
0.385009 0.512949
0.319306 0.417778
0.513567 0.5565
0.684781 0.621519
1.75362 0
0.622145 0.739872
1.51938 0
0.269173 0.139718
0.616002 0.397295
0.318416 0.0722971
0.392994 0.057075
0.897168 0.693863
0.627041 0.68747
0.0971642 0.946744
0.0241167 0.0620572
0.332412 0.796678
0.913034 0.859984
0.529943 0.367381
0.821213 0.447904
0.464475 0.266026
0.260728 0.235909
0.715427 0.766406
0.801077 0.667769
0.943332 0.619393
0.516331 0.937728
0.536188 0.13641
0.811857 0.921867
0.531433 0.669223
0.611801 0.654456
0.722622 0.664448
0.467658 0.789173
0.418973 0.772259
0.0764674 0.803813
0.282112 0.783902
0.161418 0
0.286454 0.915164
0.0351588 0.217134
0.581494 0.63744
0.978823 0.945057
0.532343 0.278789
0.0505023 0.975142
0.165694 0.811118
0.637091 0.632846
0.484619 0.950049
0.431553 0.470766
0.652346 0.528893
0.383518 0.713331
0.315212 0.20797
0.388587 0.387422
0.748626 0.442225
0.630166 0.42701
0.479433 0.449733
0.247822 0.258119
0.564945 0.899738
0.450764 0.757188
0.769618 0.515812
0.350589 0.821142
0.832916 0.975116
0.811068 0.613277
0.728891 0.596295
0.710843 0.539661
0.354404 0.16652
0.339863 0.22636
0.385923 0.690097
0.31439 0.773744
0.297983 0.335875
0.423729 0.250344
0.564293 0.758667
0.481178 0.652419
0.37577 0.943935
0.577041 0.946283
0.620447 0.313515
0.369891 0.414943
0.35875 0.698521
0.666203 0.479416
0.662878 0.893927
0.181725 0.901868
0.947827 0.972211
0.890016 0.980064
0.474943 0.312428
0.383054 0.0277735
0.418402 0.334204
0.685421 0.691621
0.516508 0.969415
0.949206 0.0805369
2 0
2.96852 0
0.271398 0.393217
0.582905 0.276193
0.789134 0.0662209
0.403556 0.30466
0.0580542 0.294912
3.67888 0
0.634991 0.578076
0.971462 0.596693
0.971504 0.536659
0.0595227 0.558914
3.41489 0
0.969696 0.351336
0.96934 0.286869
2.27531 0
0.108152 0.714533
0.489646 0.711947
0.784744 0.211712
0.789135 0.27546
0.731471 0.252939
0.189462 0.43942
0.508328 0.0490792
0.675504 0.0974154
0.920614 0.736423
0.914348 0.795734
0.137165 0.868464
0.845792 0.233515
0.176253 0.0283297
0.817928 0.871984
0.970974 0.825269
0.972342 0.766837
0.0510104 0.787841
3.18746 0
0.913782 0.510566
0.76632 0.477571
0.486492 0.142869
0.257377 0.674526
0.36419 0.249023
0.727597 0.192613
0.714189 0.0181604
0.0613574 0.430576
3.53799 0
0.509528 0.771849
0.18594 0.510766
0.255468 0.486945
0.10676 0.115778
0.850603 0.427421
0.907701 0.259254
0.909087 0.324473
0.968609 0.219745
0.967054 0.150665
0.145452 0.0842984
0.0793395 0.89532
0.307813 0.171387
0.280715 0.310006
0.575169 0.162777
0.496445 0.229189
0.370435 0.559939
0.307918 0.542828
0.0614318 0.227798
0.185747 0.255009
0.11927 0.26643
0.495555 0.602825
0.973738 0.707226
0.0612857 0.495513
0.124034 0.467937
0.121248 0.534044
2.66281 0
0.970907 0.474951
0.970106 0.413206
0.178446 0.140707
0.263277 0.0832635
0.205154 0.0848828
0.194676 0.687349
0.0544422 0.732545
0.791362 0.339093
0.604886 0.366235
0.111773 0.657092
0.661117 0.422155
0.899058 0.125298
0.905667 0.192362
0.850261 0.363847
0.848894 0.2993
0.910082 0.387981
0.911434 0.45028
0.539669 0.917483
0.115151 0.596507
0.933086 0.022497
0.0563297 0.0250784
0.115163 0.0273079
3.07322 0
0.239879 0.734582
0.242098 0.55554
0.823214 0.507723
0.364304 0.789717
0.121929 0.401026
0.482894 0
0.102019 0.766884
3.74424 0
0.842748 0.925338
3.12648 0
0.454406 0.64584
0.351529 0.612942
0.607704 0.510378
3.47587 0
3.2513 0
0.342876 0.895738
0.34101 0.306907
0.745806 0.757798
2.60066 0
2.84738 0
0.827664 0.767244
0.258111 0.974362
0.728907 0.889683
0.520847 0.828109
0.284411 0.19269
0.732039 0.316201
0.311007 0.247612
0.838131 0.556065
0.389635 0.868457
0.77477 0.745195
0.842919 0.626187
0.569406 0.433231
0.343262 0.400872
0.714283 0.140772
0.897837 0.656436
0.0841077 0.0748969
0.852091 0.818661
0.889141 0.58795
0.750749 0.540261
0.939989 0.0485472
0.0512749 0.902509
0.503332 0.324221
0.604158 0.256491
0.404829 0.176392
0.0569813 0.620005
0.257312 0.608554
0.464392 0.0922884
0.785445 0.548176
0.844947 0.136843
0.640613 0.951906
0.8705 0.0289389
0.12723 0.939842
0.621994 0.194706
0.737895 0.472969
0.797183 0.126211
0.259803 0.907938
0.24382 0.0317324
0.626574 0.766336
0.670874 0.719908
0.239813 0.142422
0.653417 0.975602
0.154215 0.751327
0.853843 0.168111
0.864743 0.548575
0.217272 0.63259
0.452376 0.49631
0.490745 0.543897
0.548227 0.457883
0.674357 0.176469
0.676307 0.863119
0.685113 0.239934
0.0302786 0.412722
0.430791 0.224394
0.788944 0.585627
0.300112 0.722001
0.323682 0.387636
0.176845 0.193638
0.287965 0.669647
0.666797 0.642303
0.700198 0.271963
0.661651 0.149952
0.711482 0.57023
0.170317 0.634319
0.479738 0.286394
0.577897 0.816635
0.687704 0.783737
0.765974 0.933903
0.425082 0.911558
0.608975 0.0808142
0.317575 0.10571
0.724375 0.117349
0.743757 0.689493
0.791926 0.403464
0.140002 0.812926
0.0240665 0.196305
0.657133 0.615103
0.745883 0.655684
0.435896 0.833139
0.183472 0.95427
0.240431 0.952768
0.408544 0.608249
0.401704 0.41468
0.589195 0.87945
0.367758 0.734856
0.356566 0.870251
0.290608 0.969238
0.585927 0.973784
0.314513 0.451406
0.240948 0.825325
0.326683 0.604158
0.698838 0.595551
0.916132 0.570941
0.205354 0.202343
0.479016 0.896592
0.648717 0.556982
0.0721844 0.953654
0.549711 0.355293
0.788086 0.815364
0.640981 0.873561
0.820854 0.643325
0.543688 0.553835
0.748276 0.950269
0.213424 0.829552
0.30719 0.937877
0.944349 0
0.403607 0.0890339
0.347097 0.76103
0.0214232 0.334756
0.565887 0.406849
0.55912 0.0202912
0.0281638 0.632268
0.545781 0.726982
0.566229 0.787998
0.772826 0.147928
0.173896 0.2238
0.197679 0.976138
0.438458 0.599552
0.462092 0.547134
0.462707 0.420589
0.771452 0.967793
0.194478 0.618597
0.55237 0.972899
0.478882 0.343256
0.285631 0
0.415352 0.942749
0.69388 0.491568
0.334417 0.720275
0.189834 0.350466
0.645697 0.837104
0.734601 0.344052
0.456529 0.201921
0.180826 0.741803
0.309157 0.693933
0.0804812 0.975878
0.798279 0.522498
0.319931 0.0239437
KVERT
761 898 109 
964 932 12 
604 331 997 
5 605 332 
1175 322 1228 
607 334 113 
847 608 159 
23 609 336 
610 337 97 
1158 1237 286 
638 612 25 
675 1033 376 
164 1003 614 
165 1005 615 
343 6 616 
344 9 617 
618 8 345 
816 39 613 
16 620 347 
12 508 1115 
18 1012 622 
68 1013 623 
624 173 1220 
174 625 352 
750 353 1114 
607 627 94 
854 628 355 
309 356 137 
357 36 629 
23 630 358 
270 289 490 
632 118 784 
633 361 11 
59 634 362 
363 312 117 
364 1023 636 
637 76 1024 
638 25 366 
124 1025 639 
873 640 78 
31 641 369 
370 27 642 
371 19 643 
644 28 372 
645 82 1031 
967 1032 606 
375 10 647 
34 648 376 
822 649 377 
378 1111 79 
958 1192 985 
1190 652 283 
653 3 329 
474 752 194 
1228 1210 1175 
1169 1157 135 
139 633 385 
1116 1152 725 
387 238 657 
1160 388 85 
659 389 22 
390 1207 660 
661 391 202 
771 306 753 
393 43 897 
1117 899 394 
395 73 664 
665 741 396 
666 76 1045 
460 398 1232 
973 52 399 
47 669 400 
670 124 1049 
671 402 969 
213 672 403 
404 33 673 
405 674 284 
675 376 937 
676 406 1178 
407 805 677 
678 175 1203 
409 116 679 
680 884 295 
1110 1194 579 
412 247 505 
413 682 1120 
683 338 37 
57 684 414 
1121 913 1164 
1054 297 416 
687 417 72 
59 688 418 
59 689 419 
861 690 173 
300 1060 691 
61 692 422 
62 693 423 
424 143 694 
63 1065 695 
64 619 696 
64 1019 697 
65 698 428 
1068 699 120 
1069 700 147 
67 431 701 
1240 702 303 
68 703 433 
1241 908 1235 
705 435 56 
70 892 706 
707 1122 385 
94 743 708 
776 709 438 
439 72 710 
711 440 42 
1020 712 227 
1043 30 513 
441 184 714 
1123 442 715 
760 308 204 
582 444 278 
717 29 1077 
718 45 1079 
123 791 719 
1124 720 211 
721 449 286 
1193 1117 155 
723 450 230 
451 273 724 
1126 33 404 
726 45 1081 
251 727 453 
1127 728 967 
84 729 455 
456 101 730 
731 457 105 
732 86 891 
733 459 42 
667 992 228 
734 232 1077 
89 686 1128 
90 1086 720 
448 183 736 
462 313 737 
950 738 463 
724 464 1129 
740 81 465 
93 1091 466 
93 259 1136 
743 468 676 
922 708 228 
190 1034 744 
315 1056 745 
96 746 357 
615 747 165 
337 55 748 
471 749 1130 
1131 683 381 
226 750 356 
751 415 716 
99 729 472 
722 184 1206 
474 316 752 
238 280 475 
456 199 754 
476 231 755 
328 196 477 
103 935 756 
757 243 1007 
104 758 459 
104 1133 759 
288 760 478 
479 105 1202 
1219 244 759 
763 991 340 
764 248 1081 
765 249 1011 
108 919 406 
959 293 767 
1226 83 768 
276 1134 769 
110 770 440 
668 482 276 
980 772 254 
321 773 484 
774 256 1024 
775 257 1073 
334 71 776 
607 113 354 
778 487 971 
779 240 934 
780 115 942 
490 289 781 
116 782 491 
409 54 783 
438 1135 776 
697 15 427 
1136 967 1243 
784 455 751 
1112 836 150 
786 256 1015 
189 493 374 
1138 109 1149 
787 262 1028 
788 230 928 
789 263 1095 
790 303 496 
123 1139 791 
123 684 339 
1049 792 30 
670 211 1087 
866 793 178 
794 817 325 
795 500 234 
205 796 1175 
797 502 636 
798 503 267 
231 1140 925 
158 38 597 
493 66 801 
129 802 374 
803 492 1019 
131 648 696 
216 797 403 
804 281 1099 
805 159 507 
994 773 255 
807 509 100 
510 1178 406 
808 511 23 
1141 37 512 
810 242 70 
811 514 324 
963 2 328 
405 1142 813 
226 814 436 
1156 812 815 
816 762 7 
516 909 664 
685 57 1143 
517 198 657 
140 1058 817 
141 818 423 
819 519 269 
1138 520 109 
1217 910 217 
822 522 95 
424 62 823 
144 824 433 
270 115 780 
826 145 1104 
288 1144 827 
828 1202 246 
829 257 1079 
1070 830 261 
208 239 1216 
831 249 1045 
832 232 1048 
149 677 833 
528 1197 264 
330 1146 241 
1040 836 258 
837 262 1021 
151 838 422 
839 243 1031 
840 248 1067 
1085 686 735 
154 842 533 
1 534 843 
156 535 844 
157 1088 845 
846 1136 1162 
728 292 813 
1198 95 522 
847 407 985 
160 358 848 
160 783 536 
161 610 416 
1238 69 704 
850 537 705 
1054 851 297 
163 852 539 
540 317 807 
614 26 1096 
164 688 475 
628 541 1147 
274 854 542 
166 855 543 
167 617 519 
167 693 544 
168 1107 856 
169 857 546 
170 348 1201 
429 830 1148 
548 111 949 
1240 172 432 
1150 495 623 
173 32 861 
351 200 659 
174 1016 626 
287 1159 862 
864 863 149 
22 864 550 
176 629 539 
551 283 865 
177 630 391 
177 823 552 
178 634 866 
178 513 867 
312 1022 868 
801 129 493 
869 496 264 
75 870 364 
181 1151 717 
181 1078 637 
367 17 871 
963 872 555 
736 873 556 
183 904 793 
874 441 79 
532 554 312 
185 876 557 
186 643 523 
186 703 558 
187 1108 877 
188 1200 1126 
1152 466 645 
1091 93 1243 
560 291 66 
744 14 1071 
190 1153 769 
878 507 35 
562 298 727 
651 317 1105 
192 1052 879 
380 58 880 
872 477 881 
654 2 963 
340 100 882 
1228 906 575 
655 195 564 
285 1155 881 
753 306 578 
197 1036 862 
197 1157 707 
517 140 817 
198 679 887 
754 1160 566 
888 727 251 
1137 1151 834 
489 258 890 
568 201 891 
287 1168 1159 
893 511 72 
1090 894 276 
392 87 895 
203 733 570 
760 288 896 
571 533 996 
922 71 1214 
781 899 572 
206 1044 726 
206 1082 665 
207 1046 718 
207 1080 666 
1145 700 182 
900 921 901 
509 1161 978 
209 767 399 
210 903 574 
401 30 1043 
461 48 905 
212 575 906 
403 797 755 
739 50 1098 
1162 576 51 
408 981 524 
215 907 469 
908 335 847 
24 201 568 
611 481 338 
217 910 435 
674 319 284 
912 298 687 
913 96 1164 
1165 362 120 
1166 1034 377 
421 83 914 
1167 915 255 
221 916 577 
222 694 578 
222 758 544 
425 223 1194 
224 918 580 
326 31 928 
750 1168 353 
1074 920 217 
227 1169 516 
613 632 73 
437 1178 921 
922 375 71 
923 530 74 
1123 923 583 
737 272 462 
788 121 1027 
1148 621 170 
931 1172 763 
734 89 996 
832 148 1078 
233 584 926 
927 1092 968 
46 928 230 
851 1172 931 
1101 467 138 
237 741 1091 
930 146 1044 
932 964 858 
387 40 730 
242 135 1157 
1106 933 274 
934 560 189 
835 245 1173 
721 1174 318 
838 935 543 
1111 889 79 
1170 972 454 
839 152 1066 
244 1009 759 
896 588 75 
1198 1100 608 
1230 995 589 
205 714 590 
426 106 1177 
412 1053 55 
764 107 1010 
840 152 1082 
765 107 1046 
831 148 1047 
46 234 326 
1179 1122 227 
102 520 820 
66 291 521 
938 590 126 
884 54 794 
253 770 350 
253 824 570 
179 907 592 
483 980 300 
954 940 218 
355 1180 854 
774 112 1016 
365 834 1151 
775 112 1080 
713 613 395 
278 962 920 
389 258 942 
976 927 279 
490 320 943 
260 782 552 
260 818 567 
261 1068 792 
1070 639 182 
787 121 1022 
837 151 1061 
502 1182 636 
944 127 1029 
528 179 945 
180 1076 319 
265 946 498 
266 593 1183 
798 371 127 
947 478 145 
311 988 799 
819 388 141 
953 364 1182 
1145 398 147 
940 949 218 
950 235 331 
91 951 471 
952 236 998 
32 624 939 
1184 954 342 
481 37 338 
595 392 662 
109 349 859 
453 134 635 
277 1014 772 
277 939 624 
1203 586 957 
114 404 1119 
126 641 500 
1186 394 289 
1187 877 128 
644 800 1188 
650 83 1060 
804 132 1189 
484 1147 60 
967 728 1032 
652 193 956 
283 984 1190 
284 655 961 
597 38 962 
747 467 165 
555 193 963 
1237 390 245 
1083 965 142 
549 864 966 
660 591 1191 
53 949 111 
1125 369 722 
781 968 1092 
1186 780 41 
290 969 598 
290 795 599 
1123 33 442 
725 114 742 
971 454 51 
292 972 600 
293 676 973 
1115 974 379 
863 958 149 
294 976 592 
977 563 36 
295 746 536 
885 515 138 
1217 136 910 
951 611 162 
585 882 978 
309 304 814 
562 191 878 
299 917 1146 
979 529 200 
917 299 420 
300 980 596 
985 1192 1235 
524 155 408 
302 1195 982 
302 820 1138 
702 14 1089 
1150 122 495 
304 705 983 
304 309 582 
1196 808 336 
305 984 551 
306 711 578 
834 786 119 
986 597 180 
369 1125 31 
716 415 685 
1200 188 373 
986 600 92 
1199 971 487 
1201 858 219 
957 586 92 
532 312 868 
482 143 661 
88 61 422 
988 588 268 
462 272 989 
990 49 671 
1204 952 273 
1140 231 476 
1198 35 1100 
569 202 893 
929 1205 910 
471 1130 91 
1221 529 979 
470 53 220 
874 307 1206 
565 11 625 
1233 479 275 
1211 896 75 
1173 568 150 
102 1207 987 
821 594 87 
467 1209 384 
322 938 598 
1210 622 252 
179 528 601 
1140 740 925 
514 58 852 
811 474 194 
964 518 858 
1215 320 1092 
589 142 982 
995 8 618 
1212 826 301 
525 1188 800 
1174 933 318 
473 307 802 
979 690 299 
329 296 1128 
53 133 691 
330 603 1237 
330 835 1146 
331 604 989 
331 235 997 
332 845 273 
332 952 998 
964 325 518 
333 930 237 
334 607 1214 
334 776 1135 
335 608 847 
229 986 180 
336 999 96 
336 913 1196 
337 610 675 
748 512 37 
1111 501 898 
338 1000 162 
339 638 123 
339 1001 99 
340 324 993 
340 991 324 
341 614 1003 
341 1216 1004 
342 1005 175 
954 321 940 
343 616 1006 
343 757 1007 
344 1008 104 
344 759 1009 
1231 991 1130 
1218 697 427 
346 762 713 
347 620 1010 
347 765 1011 
806 621 1113 
348 858 1201 
349 622 1012 
1179 685 139 
350 1013 253 
350 770 860 
351 1220 200 
351 659 1014 
352 1015 256 
352 774 1016 
353 626 1114 
353 1017 174 
354 627 607 
354 777 1132 
484 60 924 
355 941 1180 
356 309 814 
356 750 1114 
357 629 1164 
357 746 977 
358 1018 116 
358 160 609 
359 1019 64 
359 696 648 
360 632 784 
360 1020 73 
361 633 1222 
361 1015 11 
362 867 120 
362 1223 689 
363 117 1021 
363 1022 312 
953 1182 122 
636 1023 797 
365 637 1024 
365 786 834 
366 77 1139 
367 639 1025 
208 101 456 
368 640 873 
368 866 125 
369 1026 184 
1125 875 532 
370 642 1027 
370 787 1028 
371 643 1029 
371 798 1030 
644 1224 800 
373 645 1031 
1200 103 756 
129 374 493 
374 802 1118 
375 647 410 
841 667 153 
376 648 937 
1118 1106 542 
377 649 1166 
377 769 1134 
768 1225 191 
650 768 83 
379 651 1115 
379 1035 317 
380 1190 58 
380 880 1227 
381 37 1141 
381 706 1131 
752 654 194 
382 815 812 
883 383 137 
195 383 704 
384 196 885 
1209 220 421 
385 1036 197 
1179 227 712 
386 84 1037 
387 887 40 
387 730 280 
388 1038 141 
388 819 1039 
389 1040 258 
389 942 966 
1173 24 568 
1110 28 644 
391 1041 177 
391 1042 202 
87 392 595 
1219 895 244 
948 499 266 
393 968 43 
394 663 1117 
394 1186 731 
395 664 1177 
395 1177 713 
668 276 769 
396 930 1044 
397 666 1045 
397 765 1046 
398 901 147 
749 316 1130 
399 902 209 
686 77 735 
400 669 1047 
400 832 1048 
401 670 1049 
904 183 448 
402 212 969 
443 1093 567 
403 1050 213 
1119 291 1208 
404 725 1126 
1032 961 20 
813 292 1234 
406 1051 108 
510 250 1069 
407 975 985 
677 805 132 
408 663 1176 
1192 320 1215 
1236 198 886 
409 848 116 
821 1072 523 
884 879 1052 
113 411 777 
411 849 1033 
937 412 55 
412 131 247 
1120 1156 815 
413 920 962 
414 719 29 
785 119 1143 
716 1179 712 
415 1001 57 
161 1239 681 
1171 561 110 
417 1055 35 
417 1056 72 
418 1057 125 
418 866 634 
419 1058 140 
419 140 656 
420 861 323 
1146 917 853 
421 691 1060 
1209 285 384 
422 692 1061 
838 715 935 
423 1062 141 
423 1063 62 
424 1064 62 
424 1041 143 
425 695 1065 
1212 327 947 
426 696 106 
426 247 131 
1218 44 346 
428 698 1066 
428 840 1067 
429 699 1068 
1148 250 919 
430 1069 250 
430 830 1070 
431 225 1195 
860 432 172 
432 860 1071 
433 1072 144 
433 1013 68 
434 704 1073 
434 829 1181 
435 705 1074 
929 136 752 
436 892 226 
436 983 98 
437 708 743 
437 900 228 
438 709 410 
438 631 1135 
865 214 551 
439 912 687 
440 711 1171 
440 1075 42 
441 714 378 
874 587 307 
673 1123 521 
442 756 935 
214 865 439 
760 896 1197 
444 309 137 
444 1076 278 
445 717 1077 
445 832 1078 
446 718 1079 
446 775 1080 
447 791 89 
447 734 1077 
904 1124 401 
448 926 90 
766 318 587 
1158 889 310 
450 723 738 
133 300 691 
451 1050 231 
451 925 1204 
452 726 1081 
452 840 1082 
453 912 134 
956 193 555 
454 1127 846 
454 971 1170 
455 729 751 
455 784 1037 
456 730 443 
456 754 208 
457 41 890 
457 732 1202 
458 732 891 
458 965 1083 
459 733 1133 
459 1084 42 
1085 1213 329 
461 1086 48 
461 905 1087 
737 234 46 
462 844 313 
738 950 272 
464 739 1129 
464 845 1088 
465 236 1242 
741 237 396 
1152 188 725 
319 444 137 
1136 1243 93 
468 627 52 
468 973 676 
469 744 1034 
469 907 1089 
470 615 218 
470 949 53 
1130 316 1231 
471 951 850 
472 612 99 
874 1206 441 
21 777 681 
752 136 382 
474 811 1231 
475 280 1003 
475 688 1059 
476 1023 311 
1140 799 128 
477 196 285 
872 881 1154 
478 204 897 
1144 327 525 
1203 175 1005 
1160 754 199 
480 764 1081 
480 718 1046 
959 767 974 
959 1051 293 
771 1229 306 
482 661 1090 
483 772 980 
939 133 111 
994 255 355 
924 323 940 
485 774 1024 
485 666 1080 
486 775 1073 
486 626 1016 
487 941 255 
487 915 1199 
488 779 934 
488 13 1180 
489 780 942 
890 86 457 
490 1092 320 
490 943 270 
491 1093 40 
491 887 679 
803 1019 631 
492 803 1094 
1112 891 86 
801 74 117 
494 928 31 
494 1022 121 
495 1095 68 
1150 172 1240 
496 303 264 
869 75 364 
497 792 1049 
497 639 1070 
498 670 1087 
498 946 1025 
499 1057 164 
499 614 1096 
500 1097 126 
656 1059 419 
252 501 1210 
635 956 453 
502 944 263 
502 789 1182 
503 798 672 
503 739 1098 
504 800 1187 
504 799 988 
909 505 4 
216 127 944 
506 1099 254 
506 833 677 
507 1100 35 
507 878 1189 
508 806 1113 
806 508 932 
509 1035 209 
509 902 1161 
510 1069 573 
328 1156 196 
511 808 1196 
511 1042 23 
512 809 1141 
512 1053 505 
197 242 1157 
242 1159 70 
514 811 880 
514 852 993 
515 158 1101 
515 682 38 
516 1020 227 
410 803 438 
517 657 656 
1236 54 409 
518 1058 219 
1166 335 1241 
519 1062 167 
519 617 1102 
820 302 591 
761 987 310 
259 93 1116 
1215 927 976 
522 894 315 
608 1100 159 
523 1072 186 
523 643 1103 
524 826 1104 
981 1233 545 
947 1144 478 
525 800 268 
526 829 1079 
526 726 1044 
527 831 1045 
527 637 1078 
528 264 601 
528 945 308 
529 1040 200 
979 299 835 
530 837 1021 
530 923 282 
531 839 1031 
531 665 1082 
922 992 375 
841 992 667 
533 842 1048 
533 571 154 
843 1086 90 
844 990 313 
536 783 680 
536 999 160 
537 1000 98 
537 983 705 
538 1054 97 
538 611 951 
539 960 176 
539 629 825 
540 807 1002 
540 163 825 
541 853 1147 
541 1174 241 
1091 606 237 
542 13 1118 
838 88 422 
543 935 1006 
544 1064 222 
544 1008 167 
545 856 1107 
981 695 301 
546 857 1067 
546 764 1010 
1149 67 701 
32 173 624 
548 940 323 
549 863 864 
549 966 943 
550 833 254 
550 772 1014 
865 134 439 
984 176 960 
552 1063 260 
552 1018 177 
553 513 30 
553 792 1068 
825 1105 540 
1109 875 473 
1154 251 453 
328 2 812 
556 233 736 
557 876 723 
557 788 1027 
558 1095 263 
558 944 1029 
559 877 1108 
314 154 571 
560 66 189 
560 1208 291 
561 744 1071 
561 1171 1229 
562 727 888 
562 1055 298 
563 651 1105 
563 977 1052 
1148 919 621 
564 961 655 
565 1036 11 
565 1017 287 
566 239 754 
567 1093 260 
567 1038 199 
568 891 1112 
24 245 390 
569 894 1090 
569 1056 315 
570 1075 253 
570 824 662 
897 204 393 
897 43 1193 
572 899 1117 
572 968 781 
573 901 921 
573 1069 147 
574 903 1011 
574 831 1047 
619 346 106 
576 970 240 
576 779 778 
577 916 1028 
577 837 1061 
578 694 753 
578 1084 222 
1188 1110 644 
580 918 1007 
580 839 1066 
1230 581 995 
582 920 1074 
582 309 444 
583 923 801 
583 66 521 
926 843 90 
585 931 882 
585 978 1161 
586 467 1101 
586 1203 165 
587 933 1106 
318 766 721 
588 827 268 
588 988 870 
589 936 1083 
993 852 163 
590 1026 126 
590 938 796 
591 302 982 
591 965 1191 
592 907 1163 
592 976 945 
1183 640 125 
1043 793 904 
595 821 87 
955 618 275 
596 650 1060 
596 1099 281 
597 1076 180 
597 986 158 
598 906 322 
598 1097 290 
599 795 737 
599 990 671 
600 658 957 
600 986 1234 
601 702 1089 
601 264 303 
602 314 296 
603 330 241 
603 1174 721 
604 156 989 
605 157 332 
606 333 237 
606 1243 967 
354 113 777 
607 94 1214 
608 335 649 
608 95 1198 
609 23 358 
609 160 999 
610 97 1054 
1231 811 324 
611 338 162 
611 538 97 
612 339 99 
612 472 25 
1158 449 889 
993 163 1002 
614 341 26 
614 499 164 
615 342 218 
615 470 747 
616 166 1006 
617 9 1102 
617 167 1008 
275 345 168 
618 955 995 
613 73 395 
106 696 619 
620 169 1010 
621 348 170 
108 621 919 
622 349 252 
18 622 1228 
623 350 172 
623 495 68 
624 351 277 
861 32 548 
625 174 1017 
625 11 1015 
626 353 174 
626 486 69 
929 910 136 
627 468 743 
628 274 541 
994 1147 484 
539 825 163 
629 176 1121 
630 23 1042 
630 177 1018 
631 359 34 
631 438 803 
632 360 73 
993 1002 340 
633 11 1036 
633 139 1222 
634 59 418 
634 178 867 
117 312 554 
410 647 130 
686 89 791 
953 122 496 
637 365 181 
637 527 76 
638 366 1139 
638 339 612 
639 367 182 
639 497 124 
640 368 125 
640 593 78 
500 641 326 
641 126 1026 
642 185 1027 
643 19 1103 
643 186 1029 
644 372 1224 
1110 327 1194 
645 373 188 
645 466 82 
953 496 869 
646 488 934 
375 410 709 
648 34 359 
648 131 937 
649 95 608 
1166 215 1034 
650 1225 768 
650 596 281 
651 379 317 
651 563 192 
652 380 193 
635 134 865 
958 975 149 
810 135 242 
2 382 812 
654 963 1227 
564 195 1181 
383 655 911 
1169 909 516 
285 196 384 
931 585 297 
657 198 887 
1160 85 566 
1160 199 1038 
659 22 1014 
659 200 1040 
660 102 591 
1191 201 24 
661 202 1090 
661 143 1041 
662 203 570 
1229 1153 561 
663 394 105 
675 610 161 
664 73 1020 
664 4 1177 
665 396 206 
665 531 82 
666 397 207 
666 485 76 
153 1244 460 
1244 900 901 
354 52 627 
1132 21 902 
669 210 1047 
670 401 211 
670 498 124 
671 290 599 
671 49 402 
672 213 503 
672 127 216 
673 1119 404 
296 329 602 
674 405 229 
284 319 911 
675 55 337 
675 161 1033 
676 1178 743 
676 293 1051 
677 132 506 
677 149 975 
678 972 1170 
1163 215 1241 
679 116 491 
679 1236 409 
680 295 536 
680 54 884 
1239 161 416 
1207 1158 987 
682 413 38 
682 515 885 
683 37 381 
1131 98 1000 
684 57 1001 
684 123 719 
685 415 57 
685 1143 1222 
443 730 40 
297 1161 1239 
687 72 439 
687 298 1055 
688 59 1059 
688 164 1057 
689 59 362 
1223 219 1058 
690 420 299 
690 1220 173 
691 421 220 
691 220 53 
692 221 1061 
693 62 1064 
693 167 1062 
753 143 771 
694 222 1064 
695 425 301 
695 545 63 
696 426 131 
696 359 64 
697 492 15 
697 1218 619 
698 224 1066 
699 429 170 
699 170 1201 
700 430 182 
398 1145 271 
701 431 1195 
67 1149 547 
702 432 14 
702 601 303 
703 68 1095 
703 186 1072 
383 195 655 
1241 215 1166 
705 56 850 
705 304 1074 
706 436 98 
706 381 70 
707 385 197 
707 1157 1169 
708 437 228 
708 922 1214 
709 71 375 
410 130 1094 
710 72 511 
710 214 439 
711 42 1084 
440 1171 110 
712 360 716 
1179 139 1122 
713 106 346 
713 762 816 
714 184 1026 
441 378 79 
715 442 935 
715 838 282 
658 678 1203 
308 393 204 
717 445 181 
717 1151 1137 
718 446 207 
718 480 45 
719 447 29 
719 414 684 
720 448 90 
720 461 211 
721 286 603 
721 766 449 
722 369 184 
722 473 875 
723 230 557 
723 80 738 
724 273 845 
1129 213 1050 
725 404 114 
1152 1116 466 
726 452 206 
726 526 45 
191 562 768 
727 298 912 
728 1127 972 
1032 20 333 
729 84 472 
729 99 751 
730 101 280 
456 443 199 
731 105 394 
731 41 457 
732 458 246 
732 457 86 
733 42 1075 
733 203 1133 
734 447 89 
734 533 232 
1085 1128 686 
1128 1085 329 
736 183 873 
736 233 926 
737 313 599 
737 450 272 
738 272 450 
738 80 463 
739 464 50 
739 503 213 
740 465 1242 
740 559 81 
741 466 1091 
466 741 82 
742 259 1116 
742 1162 259 
743 1178 437 
743 94 627 
744 469 14 
744 561 190 
745 417 35 
745 522 315 
746 96 999 
746 295 977 
747 470 220 
467 747 1209 
748 55 1053 
337 481 97 
749 471 56 
749 1205 929 
750 226 1168 
1114 69 1238 
751 716 784 
751 99 1001 
752 316 929 
752 382 654 
280 238 387 
619 64 697 
766 79 449 
754 239 208 
755 231 1050 
755 797 1023 
756 442 33 
757 1200 373 
757 343 103 
757 373 243 
758 104 1008 
758 222 1084 
521 1123 583 
759 344 104 
1171 711 306 
760 204 478 
1202 105 457 
479 828 955 
1219 1133 203 
763 882 931 
426 4 247 
764 480 107 
764 546 248 
765 347 107 
765 397 249 
1228 322 906 
510 573 1178 
767 293 973 
767 209 974 
888 768 562 
888 251 1226 
769 377 190 
769 1153 668 
770 110 860 
770 253 1075 
771 482 668 
771 143 482 
772 483 277 
772 550 254 
773 321 1167 
1211 869 264 
774 485 112 
774 352 256 
775 486 112 
775 446 257 
776 71 709 
1135 34 849 
411 113 849 
354 1132 52 
778 51 576 
487 1185 941 
1185 779 488 
779 576 240 
780 489 41 
780 1186 270 
781 289 899 
259 1162 1136 
782 116 1018 
782 260 1093 
783 54 680 
783 160 848 
784 716 360 
784 118 1037 
1137 29 717 
785 1143 414 
786 361 119 
786 365 256 
787 370 121 
787 363 262 
788 494 121 
788 557 230 
789 495 122 
789 502 263 
790 496 122 
790 1240 303 
791 1139 686 
791 447 719 
792 497 261 
792 553 30 
793 368 183 
793 513 178 
794 54 886 
266 1183 948 
795 234 737 
795 290 1097 
796 205 590 
796 322 1175 
408 1233 981 
502 216 944 
798 267 1030 
798 127 672 
799 476 311 
799 504 128 
800 504 268 
753 694 143 
801 66 583 
801 554 129 
802 129 1109 
374 1118 13 
12 879 964 
803 410 1094 
804 506 132 
804 1225 281 
805 507 132 
805 407 847 
621 806 348 
1113 108 1051 
807 100 1002 
807 317 1035 
808 23 336 
1196 305 214 
809 512 505 
809 505 909 
810 70 381 
810 1141 135 
474 1231 316 
811 194 880 
382 2 654 
658 600 972 
728 1142 1032 
229 180 674 
814 226 356 
814 304 983 
815 382 136 
1217 217 413 
816 613 713 
280 101 1003 
817 518 325 
517 794 886 
818 141 1038 
818 260 1063 
819 269 1039 
819 141 1062 
820 520 1138 
820 591 102 
1215 294 1235 
1208 970 1119 
822 95 649 
822 1134 894 
823 62 1063 
823 177 1041 
824 144 662 
824 253 1013 
513 793 1043 
821 144 1072 
826 524 301 
1212 1194 327 
827 525 268 
827 588 896 
828 936 955 
20 146 930 
829 526 146 
829 434 257 
830 430 250 
830 429 261 
831 527 148 
831 574 249 
832 400 148 
832 445 232 
833 506 254 
833 550 864 
1197 528 308 
1211 75 869 
835 330 245 
835 1221 979 
836 529 150 
258 1112 890 
837 530 151 
837 577 262 
838 151 282 
838 543 88 
839 531 152 
839 580 243 
840 428 152 
840 452 248 
841 10 992 
842 47 1048 
843 534 1086 
843 584 1 
844 535 990 
844 462 989 
845 464 724 
845 332 157 
846 51 454 
846 1127 1136 
847 985 908 
847 159 805 
848 358 116 
848 409 783 
849 113 334 
1238 883 356 
850 56 471 
850 162 1000 
851 538 91 
851 931 297 
514 993 324 
852 58 960 
853 541 241 
60 917 420 
854 274 628 
114 970 742 
855 61 88 
856 545 1233 
856 1233 275 
857 65 1067 
858 348 806 
858 518 219 
859 1149 109 
859 171 547 
860 172 350 
860 110 1071 
861 548 323 
861 420 690 
862 242 197 
862 565 287 
863 549 320 
863 320 1192 
864 22 966 
864 149 833 
635 283 652 
551 214 305 
866 418 125 
866 368 793 
867 553 120 
867 362 634 
868 494 31 
868 1125 532 
1211 264 1197 
1182 364 636 
870 75 588 
870 311 1023 
871 271 1145 
872 328 477 
555 1154 956 
873 183 368 
873 78 556 
874 79 766 
1206 473 722 
875 554 532 
875 1109 554 
876 80 723 
877 559 128 
877 1224 187 
878 35 1055 
878 191 1189 
879 884 325 
378 714 205 
880 58 514 
880 194 1227 
881 477 285 
881 1155 1226 
882 100 978 
763 1172 991 
883 137 356 
883 1238 383 
434 195 704 
1181 146 20 
885 1156 682 
885 138 384 
794 517 817 
886 198 517 
887 491 40 
887 387 657 
888 1226 768 
443 40 1093 
889 449 79 
656 657 238 
1112 258 836 
890 41 489 
891 201 458 
319 674 180 
892 1159 1168 
892 436 706 
893 72 1056 
893 202 1042 
894 569 315 
894 522 822 
392 895 1219 
896 288 827 
939 111 32 
897 145 478 
571 296 314 
898 501 252 
310 898 761 
899 289 394 
572 1193 43 
900 667 228 
900 437 921 
901 573 147 
1244 398 460 
902 509 209 
1132 399 52 
903 16 1011 
904 401 1043 
904 448 1124 
905 265 1087 
1228 575 18 
906 598 969 
592 1163 294 
907 179 1089 
1125 868 31 
1217 413 1120 
909 4 664 
909 1169 809 
136 1217 815 
1205 56 435 
911 319 137 
284 911 655 
912 439 134 
912 453 727 
305 1121 984 
913 336 96 
914 83 1155 
914 1209 421 
1184 1167 954 
915 487 255 
916 27 1028 
327 1110 1188 
1194 1212 425 
918 6 1007 
589 995 936 
1230 225 581 
920 582 278 
920 413 217 
921 1178 573 
398 271 1232 
3 602 329 
922 228 992 
923 74 801 
923 1123 282 
924 420 323 
981 545 695 
925 451 231 
1140 128 559 
926 584 843 
926 448 736 
927 393 279 
927 1215 1092 
31 326 641 
928 494 788 
467 586 165 
467 384 138 
930 396 237 
930 333 20 
656 140 517 
656 238 1059 
39 386 118 
101 208 1216 
933 587 318 
933 541 274 
934 189 646 
934 240 1208 
282 151 530 
935 103 1006 
326 234 500 
936 246 1083 
937 55 675 
937 131 412 
938 126 1097 
938 322 796 
939 483 133 
939 277 483 
940 321 924 
940 548 949 
941 355 255 
1185 487 778 
942 258 489 
942 115 966 
943 320 549 
943 115 270 
944 558 263 
216 502 797 
945 179 592 
945 279 308 
946 17 1025 
1212 145 826 
947 327 1144 
1145 147 700 
1198 522 745 
111 548 32 
949 470 218 
950 331 272 
950 463 235 
951 91 538 
951 162 850 
952 332 273 
952 1204 1242 
374 13 646 
1118 307 1106 
1184 175 915 
954 218 342 
955 275 479 
828 246 936 
956 635 652 
1154 555 872 
957 92 600 
957 658 1203 
1115 959 974 
12 192 879 
158 515 38 
959 1113 1051 
960 1190 984 
960 539 852 
961 564 20 
961 405 284 
962 38 413 
962 278 1076 
963 193 1227 
963 328 872 
1237 245 330 
390 1237 1207 
965 458 201 
965 591 142 
966 22 389 
966 115 943 
1115 508 959 
1193 155 1104 
968 572 43 
968 393 927 
969 290 671 
969 212 906 
970 1208 240 
970 576 1162 
971 51 778 
1199 175 678 
972 292 728 
972 678 658 
973 468 52 
973 399 767 
158 92 1101 
974 209 1035 
985 1235 908 
975 407 677 
976 294 1215 
976 279 945 
977 36 357 
977 295 1052 
978 100 509 
1161 21 1239 
979 200 1220 
1221 150 529 
483 300 133 
980 254 1099 
408 155 663 
1221 835 1173 
982 1195 1230 
982 142 591 
983 537 98 
983 436 814 
1121 305 913 
984 283 551 
834 785 1137 
1171 306 1229 
1234 229 813 
986 92 158 
987 520 102 
1158 1207 1237 
988 268 504 
988 311 870 
989 272 331 
989 156 844 
990 599 313 
990 535 49 
991 1231 324 
763 340 882 
88 543 855 
825 36 1105 
1132 902 399 
1176 105 479 
4 505 247 
1173 245 24 
995 955 936 
995 581 8 
996 1128 296 
996 533 734 
326 928 46 
998 5 332 
999 336 609 
999 536 746 
1131 338 683 
1000 537 850 
1001 339 684 
1001 415 751 
1002 163 540 
1002 100 340 
1003 164 475 
1003 101 341 
1004 26 341 
1005 342 615 
1005 165 1203 
1006 166 543 
1006 103 343 
1007 243 580 
1007 6 343 
1008 344 617 
1008 544 758 
1009 9 344 
1010 169 546 
1010 107 347 
1011 249 574 
1011 16 347 
1012 171 349 
1013 350 623 
1013 433 824 
1014 22 550 
1014 277 351 
1015 352 625 
1015 361 786 
1016 112 486 
1016 174 352 
1017 353 1168 
1017 565 625 
1018 358 630 
1018 552 782 
1019 359 631 
1019 492 697 
1020 360 712 
1020 516 664 
1021 74 530 
1021 262 363 
1022 363 787 
1022 494 868 
1023 364 870 
1023 476 755 
1024 76 485 
1024 256 365 
1025 124 498 
1025 17 367 
1026 369 641 
1026 590 714 
1027 185 557 
1027 121 370 
1028 262 577 
1028 27 370 
1029 186 558 
1029 127 371 
1030 19 371 
1031 82 531 
1031 243 373 
189 374 646 
189 66 493 
1033 161 411 
1033 34 376 
1034 215 469 
1034 190 377 
1035 379 974 
1035 509 807 
1036 385 633 
1036 565 862 
1037 84 455 
1037 118 386 
1230 589 982 
1038 567 818 
1039 85 388 
1040 389 659 
1040 529 836 
1041 391 661 
1041 424 823 
1042 391 630 
1042 511 893 
594 821 523 
662 821 595 
1044 146 526 
1044 206 396 
1045 76 527 
1045 249 397 
1046 107 480 
1046 207 397 
1047 210 574 
1047 148 400 
1048 232 533 
1048 47 400 
1049 124 497 
1049 30 401 
1050 403 755 
1129 451 724 
1051 406 676 
481 337 748 
1052 192 563 
1052 295 884 
1053 412 505 
1053 512 748 
1054 416 610 
1054 538 851 
1055 417 687 
1055 562 878 
1056 417 745 
1056 569 893 
1057 418 688 
1057 499 948 
1223 419 689 
1058 518 817 
1059 238 475 
1059 59 419 
1060 300 596 
1060 83 421 
1061 221 577 
1061 151 422 
1062 423 693 
1062 519 819 
1063 423 818 
1063 552 823 
1064 424 694 
1064 544 693 
1065 223 425 
1066 224 580 
1066 152 428 
1067 248 546 
1067 65 428 
1068 120 553 
1068 261 429 
1069 430 700 
250 510 919 
1070 261 497 
1070 182 430 
1071 110 561 
1071 14 432 
1072 433 703 
594 523 1103 
1073 69 486 
1073 257 434 
1074 304 582 
1074 217 435 
1075 440 770 
1075 570 733 
1076 444 319 
1076 597 962 
1077 29 447 
1077 232 445 
1078 148 527 
1078 181 445 
1079 45 526 
1079 257 446 
1080 112 485 
1080 207 446 
1081 45 480 
1081 248 452 
1082 152 531 
1082 206 452 
1083 142 589 
1083 246 458 
1084 459 758 
1084 578 711 
992 10 375 
153 667 1244 
1086 461 720 
1086 534 48 
1087 265 498 
1087 211 461 
1088 50 464 
1089 179 601 
1089 14 469 
1090 202 569 
1090 276 482 
13 488 646 
1180 542 854 
1092 490 781 
673 291 1119 
1093 491 782 
443 567 199 
1094 15 492 
1095 495 789 
1095 558 703 
1096 266 499 
1097 500 795 
1097 598 938 
1098 267 503 
1099 506 804 
1099 596 980 
1100 507 159 
35 1198 745 
1101 92 586 
1101 138 515 
1102 269 519 
1208 560 934 
1104 145 897 
1104 155 524 
1105 36 563 
1105 317 540 
1106 307 587 
1106 274 542 
1107 63 545 
1108 81 559 
1109 473 802 
653 329 1213 
1237 603 286 
761 520 987 
508 12 932 
606 1032 333 
481 611 97 
481 748 37 
1113 621 108 
1113 959 508 
1114 626 69 
1114 1238 356 
1115 651 192 
1115 192 12 
39 118 632 
39 7 386 
1117 663 155 
1117 1193 572 
741 665 82 
948 125 1057 
291 673 521 
1119 970 114 
1120 682 1156 
1120 815 1217 
1121 176 984 
685 1179 716 
1122 707 227 
1122 139 385 
1123 715 282 
1123 673 33 
1124 211 401 
1124 448 720 
1125 722 875 
1193 1104 897 
1126 725 188 
1126 756 33 
1127 967 1136 
1127 454 972 
1085 735 1213 
1128 996 89 
1129 739 213 
1129 1050 451 
316 749 929 
1130 991 91 
1131 706 98 
1131 1000 338 
1206 184 441 
117 554 801 
1133 104 459 
1219 203 392 
1134 276 894 
1134 822 377 
1135 631 34 
1135 849 334 
856 275 168 
632 613 39 
1137 414 29 
414 1137 785 
1138 701 302 
1201 219 1223 
1139 123 638 
1139 77 686 
1140 476 799 
1140 559 740 
1141 809 135 
1141 810 381 
1142 405 961 
1142 961 1032 
1143 57 414 
1143 119 1222 
1144 288 478 
1144 525 827 
1145 182 367 
1145 367 871 
1146 835 299 
1146 853 241 
1147 853 60 
1147 994 628 
1148 830 250 
429 1148 170 
1149 859 547 
1149 701 1138 
1150 623 172 
1150 790 122 
1151 181 365 
834 119 785 
1152 645 188 
466 1116 93 
1153 190 561 
1153 1229 668 
1154 881 251 
1154 453 956 
1155 285 914 
1155 83 1226 
1156 885 196 
1156 328 812 
981 301 524 
635 865 283 
1158 310 987 
1158 286 449 
1159 892 70 
1159 242 862 
1111 310 889 
1111 205 501 
1161 902 21 
1161 297 585 
1162 51 846 
1162 742 970 
1163 907 215 
742 1116 725 
1164 96 357 
1164 629 1121 
1165 120 699 
1165 1201 1223 
932 858 806 
964 879 325 
1167 255 773 
1167 321 954 
1168 226 892 
1168 287 1017 
1169 227 707 
1169 135 809 
1170 971 1199 
60 420 924 
46 230 450 
214 710 1196 
1172 91 991 
91 1172 851 
4 426 1177 
1173 150 1221 
1174 603 241 
1174 541 933 
1175 501 205 
757 103 1200 
1176 663 105 
1176 479 1233 
1177 106 713 
24 390 1191 
510 406 919 
46 450 737 
109 252 349 
252 109 898 
1180 941 1185 
1180 13 542 
1181 829 146 
1181 20 564 
1182 789 122 
953 869 364 
1183 593 640 
1183 125 948 
1184 342 175 
1184 915 1167 
1185 488 1180 
1185 778 779 
1186 289 270 
1186 41 731 
1187 128 504 
1187 800 1224 
1188 525 327 
1110 579 28 
1189 132 507 
1189 191 1225 
1190 960 58 
1190 380 652 
1191 965 201 
1191 390 660 
1192 958 863 
1192 1215 1235 
917 60 853 
53 111 133 
1194 223 579 
958 985 975 
1195 302 701 
1195 225 1230 
1196 913 305 
1196 710 511 
1197 308 760 
1197 896 1211 
296 571 996 
308 279 393 
1199 915 175 
1199 678 1170 
1201 1165 699 
378 205 1111 
898 310 1111 
761 109 520 
1202 732 246 
1202 828 479 
1112 150 568 
1112 86 890 
1204 273 451 
1204 925 1242 
1205 749 56 
1205 435 910 
1206 307 473 
1160 1038 388 
1207 102 660 
117 74 1021 
513 553 867 
924 321 484 
1209 747 220 
1209 914 285 
1175 1210 501 
622 1210 1228 
825 629 36 
325 884 794 
1212 301 425 
1212 947 145 
1109 129 554 
1214 94 708 
1214 71 334 
1241 335 908 
335 1166 649 
1216 341 101 
1216 239 1004 
229 405 813 
275 618 345 
1218 427 44 
1218 346 619 
762 346 44 
816 7 39 
1220 351 624 
1220 690 979 
994 484 773 
994 355 628 
1222 139 685 
1222 119 361 
1223 362 1165 
1223 1058 419 
1224 372 187 
1224 877 1187 
281 1225 650 
1225 804 1189 
728 813 1142 
1226 251 881 
1227 194 654 
1227 193 380 
137 383 911 
383 1238 704 
662 392 203 
662 144 821 
1219 759 1133 
766 587 874 
1118 802 307 
1200 756 1126 
668 1229 771 
1233 408 1176 
403 672 216 
1234 292 600 
1234 986 229 
1163 1235 294 
1235 1163 1241 
1236 886 54 
1236 679 198 
681 411 161 
777 21 1132 
777 411 681 
849 34 1033 
1239 416 297 
1239 21 681 
1240 432 702 
1240 790 1150 
195 434 1181 
704 69 1073 
1242 236 952 
1242 925 740 
859 349 171 
1243 606 1091 
1244 667 900 
1244 901 398 
KNPR
1 0 1 0 1 1 1 1 1 1 
0 0 0 0 1 1 1 1 1 0 
0 0 0 0 1 1 1 1 0 0 
0 0 0 0 0 0 0 0 0 0 
0 0 0 1 0 0 1 1 1 1 
0 0 0 0 0 0 0 0 0 0 
1 0 1 0 1 0 1 0 0 0 
0 0 0 0 0 0 1 1 0 1 
1 0 0 1 1 0 1 0 0 0 
0 0 0 0 0 0 0 0 0 0 
0 0 0 0 0 0 0 0 0 0 
0 0 0 0 0 0 0 0 0 0 
0 0 0 0 0 0 0 0 0 1 
0 0 0 0 0 0 0 0 0 0 
0 0 0 0 0 0 0 0 0 0 
0 0 1 1 0 1 1 0 0 0 
0 0 0 0 0 1 0 1 1 0 
1 0 0 0 0 0 0 0 0 0 
0 0 0 0 1 0 1 0 0 0 
0 0 0 0 0 0 0 0 0 0 
0 0 0 0 0 0 0 0 0 1 
0 1 0 0 0 0 0 0 0 0 
1 0 1 1 1 0 0 0 0 0 
0 0 1 0 1 1 0 0 1 0 
0 0 0 1 0 0 0 0 0 0 
0 0 0 0 0 0 0 0 0 0 
0 0 0 0 1 1 1 0 1 0 
1 0 0 0 0 0 0 0 0 0 
0 0 0 0 0 0 0 0 0 0 
0 0 0 0 0 0 0 0 0 0 
0 0 0 0 0 0 0 0 0 0 
0 0 0 1 0 0 0 0 0 0 
0 0 0 0 0 0 0 0 0 0 
0 0 0 0 0 0 0 0 0 0 
0 0 0 0 1 0 0 0 0 0 
0 0 0 0 0 0 0 0 0 0 
0 0 0 0 0 1 0 0 0 0 
0 1 0 0 0 0 0 0 0 0 
0 0 0 0 0 1 0 0 0 0 
0 0 0 0 0 0 0 0 0 0 
0 1 0 0 0 0 0 0 0 0 
0 0 0 0 0 0 0 0 0 0 
0 0 0 0 0 0 1 0 0 0 
1 0 0 0 0 0 0 0 0 0 
0 0 0 0 0 0 0 0 0 0 
0 0 0 0 0 0 0 0 0 1 
0 0 1 0 1 0 0 0 0 0 
0 1 0 0 0 0 0 0 0 0 
0 0 0 0 0 0 0 0 0 0 
0 0 0 0 0 0 0 0 0 0 
0 0 0 0 0 0 0 0 0 0 
0 0 0 0 0 0 0 0 0 0 
0 0 0 0 0 0 0 0 0 0 
0 0 0 1 1 0 0 0 0 0 
0 0 0 0 0 0 1 0 0 0 
0 0 0 0 0 1 0 0 0 0 
0 0 0 0 0 1 0 0 0 0 
0 0 0 0 1 0 0 0 1 0 
1 0 0 1 0 0 0 0 0 0 
0 0 1 1 0 0 0 0 0 0 
0 1 0 1 1 0 0 0 0 0 
0 0 0 0 0 1 0 0 0 1 
0 0 0 0 0 0 0 0 0 0 
0 0 0 0 0 0 0 0 0 0 
0 1 0 0 0 0 1 0 0 0 
0 0 1 0 0 0 0 0 0 0 
0 0 0 0 0 0 0 0 1 0 
0 0 0 0 0 0 0 0 0 0 
0 0 0 0 0 0 0 0 0 0 
0 1 0 0 0 0 0 1 0 0 
0 0 0 0 0 0 0 0 0 0 
0 0 0 0 0 0 0 0 0 0 
0 0 0 0 0 0 0 0 0 0 
0 0 0 0 1 0 0 0 0 0 
0 0 0 0 0 0 0 0 0 0 
0 0 0 0 0 0 0 0 0 0 
0 1 0 0 0 0 0 0 0 0 
0 0 0 0 0 0 0 0 0 0 
0 0 0 0 0 0 0 0 0 0 
0 0 0 0 0 0 0 0 0 0 
0 0 0 0 0 0 0 0 0 0 
0 0 0 0 0 0 0 0 0 0 
0 0 0 0 0 0 0 0 0 0 
0 0 0 0 0 0 0 0 0 0 
1 1 0 0 0 0 0 0 0 0 
0 0 0 0 1 0 1 0 0 0 
0 0 0 0 0 0 0 0 0 0 
1 0 0 0 0 1 0 0 0 0 
0 0 0 0 0 0 0 0 0 0 
0 0 0 0 1 0 0 0 0 0 
0 0 1 0 1 0 0 0 0 0 
0 0 0 0 0 1 0 1 0 0 
0 0 0 0 0 0 0 0 0 0 
0 0 0 0 0 0 0 0 0 0 
0 0 0 0 0 1 0 0 0 0 
0 0 0 0 0 0 0 0 0 0 
0 0 0 0 0 0 0 0 0 0 
0 0 0 0 0 0 0 0 0 0 
0 0 0 0 0 0 0 0 0 0 
0 0 0 0 0 0 1 1 0 0 
0 0 0 1 0 0 0 0 1 0 
0 1 0 0 0 0 0 0 0 0 
0 0 0 0 0 0 0 0 0 1 
0 0 0 0 0 0 0 0 1 0 
0 0 0 0 0 0 0 0 0 0 
0 0 0 0 0 0 0 0 0 0 
0 0 0 0 1 0 0 0 0 0 
0 0 0 0 0 0 0 0 0 0 
0 0 0 0 0 0 0 1 0 0 
0 0 0 1 0 1 0 1 0 0 
0 1 1 0 0 0 1 1 0 0 
0 0 0 0 0 0 0 0 0 0 
0 0 0 0 0 0 0 0 0 0 
0 0 0 0 0 0 0 0 0 0 
0 0 0 0 0 0 0 0 0 0 
0 0 0 0 0 0 0 0 0 0 
0 0 0 0 0 0 0 0 0 0 
0 0 0 0 0 0 0 0 0 0 
0 0 0 0 0 0 0 0 0 0 
0 0 0 0 0 0 0 0 0 0 
0 0 0 0 0 0 0 0 0 0 
0 0 1 0 0 0 0 0 0 0 
0 0 0 0 0 0 0 0 0 0 
0 1 0 0 0 0 0 0 0 0 
0 0 0 0 
KMM
     1    6
