Grobgitter
Parametrisierung PARXC, PARYC, TMAXC
    3312    1721   0    3    1         NEL NVT NMT NVE NBCT
DCORVG
0 0
1 0
0.437032 0.49391
2 0
3 0
0.145294 0.498329
0.5 0
1.5 0
2.49656 0
3.49688 0
0.28666 0.50086
0.389137 0.255477
0.717218 0.251115
0.714724 0.739993
0.0764063 0.74914
0.0752732 0.25773
0.394859 0.755503
0.605935 0.120245
1.25628 0
2.25 0
3.25312 0
0.341356 0.0612065
0.710981 0.319981
0.576786 0.370743
2.74688 0
0.0353504 0.377716
0.181559 0.370277
0.111198 0.626302
0.858806 0.618387
0.55141 0.745521
0.591479 0.249872
0.862847 0.13337
0.857209 0.881875
0.0322051 0.873096
0.191962 0.24722
0.382204 0.558721
0.428271 0.383907
0.789296 0.434814
0.323826 0.877822
0.108923 0.366787
0.204938 0.562517
0.249688 0
0.702683 0.688126
0.746875 0
0.657752 0.866315
1.75 0
0.0492296 0.686816
0.21022 0.696925
0.695985 0.45039
3.75628 0
0.477052 0.739723
0.442335 0.129224
1.38128 0
0.0396438 0.12684
0.0727918 0.49821
0.658783 0.183331
1.125 0
2.125 0
3.12503 0
0.292427 0.19058
0.311863 0.578403
0.49972 0.309382
0.750721 0.567749
0.397429 0.809776
0.0919497 0.314151
0.178844 0.315426
0.137779 0.556635
0.349052 0.442654
0.124688 0
0.818685 0.75898
0.625 0
0.634752 0.750366
1.62187 0
0.0945765 0.682669
0.300434 0.714259
0.220996 0.497531
3.62469 0
0.412649 0.689224
0.175399 0.876926
0.534026 0.12125
0.882315 0.344042
2.375 0
3.37216 0
0.742982 0.0782239
0.473853 0.468985
0.597749 0.71875
0.0510206 0.809901
0.0617625 0.438849
0.0298521 0.247787
0.155791 0.438626
0.569313 0.813236
0.637847 0.321929
0.812438 0.0622787
0.754703 0.86304
0.922916 0.817172
2.87812 0
0.320412 0.347343
0.900518 0.457328
2.625 0
0.205729 0.621233
0.375 0
0.0550251 0.556014
3.875 0
0.917934 0.14213
0.925961 0.0638482
0.925964 0.936272
0.0216388 0.926798
0.308795 0.26463
0.335552 0.534275
0.405479 0.315463
0.0214513 0.400224
0.31361 0.807127
0.126233 0.778157
0.146286 0.341146
0.179123 0.52739
0.424532 0.435904
0.168103 0.0690136
0.697826 0.424147
0.572438 0.0595102
0.799785 0.272215
0.926327 0.561111
0.0866454 0.732591
0.25085 0.674877
0.527012 0.532828
0.481203 0.166233
0.436533 0.725513
0.285918 0.941744
0.468568 0.0699616
0.70523 0.0940755
0.949875 0.296507
0.800616 0.8458
3.31281 0
0.204431 0.878584
0.276508 0.0951695
0.439597 0.515626
0.157979 0.655599
0.58562 0.31217
0.65424 0.69956
0.188995 0.777916
0.0288835 0.49735
0.0566702 0.280589
0.249291 0.325504
0.110354 0.467221
0.255251 0.58918
0.0754109 0.60027
0.751606 0.342353
0.898381 0.715402
0.336399 0.10416
0.613702 0.516876
0.515243 0.214383
0.763535 0.157327
0.804821 0.925037
0.0467758 0.843444
0.0819864 0.88737
0.152638 0.179734
0.49174 0.393305
0.374512 0.905444
0.136776 0.278279
0.376112 0.154823
0.594074 0.749003
0.875 0
0.91259 0.63131
1.875 0
0.0344686 0.752174
0.0831745 0.658625
0.348969 0.732005
0.210361 0.413258
0.0231098 0.197314
0.375423 0.654423
0.602376 0.185317
0.893311 0.402638
0.0776639 0.404034
1.19131 0
0.243428 0.534136
0.765331 0.622461
0.67624 0.410686
0.158679 0.597741
0.100224 0.529949
0.331493 0.390884
0.684375 0
1.69063 0
0.19057 0.469618
3.6875 0
2.80938 0
2.43438 0
3.4375 0
0.0519944 0.186017
1.44375 0
3.9375 0
0.628169 0.220591
1.0625 0
2.0625 0
3.05938 0
0.34287 0.219212
0.352076 0.559579
0.450806 0.287738
0.768987 0.49521
0.307178 0.763471
0.10018 0.341957
0.18158 0.342438
0.178571 0.555262
0.397215 0.466593
0.552855 0.608686
0.708488 0.714245
0.620218 0.0637906
0.626536 0.815229
1.56281 0
0.0581018 0.734242
0.252924 0.701928
0.260266 0.497648
0.776332 0.788389
0.557281 0.563585
0.235857 0.978141
0.527155 0.0597027
0.783024 0.107679
1.31878 0
2.31562 0
0.498017 0.53234
0.235635 0.722745
0.236646 0.151416
0.412514 0.538507
0.171792 0.719687
0.53932 0.335655
0.150277 0.834377
0.02669 0.469277
0.0496262 0.25981
0.217651 0.286758
0.150939 0.468488
0.301858 0.605182
0.0953764 0.559529
0.806839 0.296525
0.870433 0.797268
0.40705 0.0890269
0.596259 0.445659
0.624866 0.28693
0.952654 0.269933
0.680259 0.135576
0.755534 0.936045
0.507664 0.57913
0.153809 0.940918
0.2921 0.354052
0.141913 0.232911
0.318731 0.473782
0.499913 0.701895
0.464351 0.418675
0.302135 0.432031
0.774999 0.393188
0.871788 0.5425
0.331297 0.974026
0.0843753 0.286526
0.0848362 0.454538
0.183715 0.49869
0.229273 0.577912
0.325123 0.12285
0.571427 0.731547
0.599752 0.609418
0.8125 0
0.720873 0.765884
0.593397 0.90777
1.8125 0
0.0444705 0.632877
0.375392 0.767911
0.135195 0.613131
0.200805 0.44155
0.366052 0.361395
3.81594 0
0.381907 0.607001
0.523872 0.836905
0.511408 0.854899
0.309375 0
0.841632 0.44815
0.0449175 0.155178
0.0496237 0.39984
0.0626504 0.527933
0.599583 0.155011
0.739098 0.202275
0.321462 0.199999
0.869099 0.932245
3.18781 0
0.422842 0.181456
0.277102 0.552955
0.490321 0.121237
0.796955 0.56547
0.462255 0.904963
0.0239712 0.355462
0.158901 0.297912
0.102794 0.498457
0.1875 0
0.743209 0.658051
0.842718 0.707856
0.687861 0.0467046
0.67433 0.752102
0.940272 0.673804
0.104551 0.652805
0.216781 0.858998
0.361401 0.695053
0.243312 0.829143
0.218694 0.530059
0.0299786 0.297827
0.459857 0.494134
0.946875 0.359375
0.553239 0.956952
0.0278356 0.596029
0.11146 0.0673076
0.692199 0.630064
0.0373524 0.78511
0.107707 0.881258
0.0410719 0.206353
0.137832 0.373215
0.584615 0.781987
0.677944 0.277125
0.66205 0.361956
0.868286 0.0672704
0.709183 0.867664
0.928799 0.874914
0.0675354 0.910386
0.309431 0.304661
0.948961 0.420115
0.306668 0.902678
0.237134 0.651775
0.182198 0.637675
0.424523 0.110772
0.0921916 0.611756
3.90625 0
2.9375 0
0.459044 0.346488
0.355028 0.845961
0.0650851 0.380347
0.140576 0.52796
0.382222 0.409561
0.227777 0.0734311
0.807074 0.870931
0.559375 0
0.953821 0.476916
0.320774 0.674746
0.576443 0.949654
0.399833 0.712548
0.4375 0
3.34375 0
0.0625 0
0.546277 0.282773
0.616314 0.736539
0.0224207 0.521571
0.224768 0.363644
0.952459 0.729506
2.1875 0
0.0994358 0.184245
2.5625 0
0.9375 0
1.9375 0
1.22562 0
0.135147 0.850067
0.960753 0.0369091
0.96076 0.963055
0.020849 0.955698
0.347281 0.258654
0.32488 0.557797
0.454367 0.314963
0.80839 0.476165
0.324621 0.723024
0.0824385 0.360469
0.162181 0.363488
0.19622 0.537759
0.3875 0.4375
0.138513 0.103684
0.727464 0.696975
0.593325 0.0949404
0.667924 0.84141
0.962286 0.527226
0.23073 0.699344
0.269101 0.475367
0.414112 0.736353
0.264662 0.975931
0.482264 0.0274153
0.735002 0.125149
0.974838 0.27594
0.717196 0.965109
0.0259149 0.693957
0.0659778 0.0898361
0.235899 0.111652
0.417984 0.510436
0.168123 0.686137
0.54284 0.309379
0.691404 0.73288
0.182446 0.828506
0.0585994 0.46023
0.218595 0.338605
0.127311 0.48334
0.282389 0.577965
0.0704552 0.576533
0.828216 0.365071
0.911985 0.76497
0.534902 0.763355
0.544666 0.492823
0.615066 0.31259
0.429194 0.23401
0.882858 0.279351
0.785815 0.962159
0.841493 0.835938
0.11051 0.969685
0.278473 0.315454
0.171608 0.223876
0.355863 0.469502
0.545225 0.718091
0.488173 0.421619
0.260062 0.426265
0.767693 0.440825
0.898068 0.590347
0.308313 0.930269
0.0918593 0.839225
0.105903 0.265625
0.0919949 0.477571
0.16244 0.513139
0.230259 0.604077
0.333385 0.177259
0.660976 0.575948
0.779387 0.0380934
0.675153 0.779928
0.565465 0.867902
0.960563 0.784767
0.0624204 0.64795
0.371573 0.742499
0.158035 0.62645
0.230176 0.434508
0.821372 0.819996
0.948128 0.216345
0.372737 0.631481
0.518911 0.812386
0.59887 0.218336
0.299853 0.0465102
0.182985 0.151546
0.0238532 0.170306
0.0629793 0.418627
0.040111 0.538032
0.641823 0.147063
0.80676 0.160557
0.958133 0.15841
0.589142 0.934304
3.15937 0
0.247234 0.21971
0.382106 0.203132
0.366175 0.582903
0.263724 0.518801
0.510097 0.166448
0.53112 0.380739
0.753981 0.597242
0.688905 0.506613
0.484036 0.766031
0.427899 0.854298
0.0526694 0.354765
0.168016 0.270297
0.119247 0.325318
0.19981 0.300528
0.158277 0.570005
0.0846771 0.518433
0.381618 0.533053
0.3254 0.434167
0.141484 0.025968
0.758846 0.219544
0.864906 0.748183
0.65826 0.0768052
0.596974 0.809515
0.641913 0.72563
0.955945 0.646556
0.0995918 0.712745
0.385009 0.692378
0.282888 0.850864
0.238791 0.510055
0.204362 0.485233
0.0610502 0.307622
0.20057 0.951364
0.278678 0.729902
0.530207 0.0912981
0.541831 0.16985
0.97395 0.400417
0.768479 0.263836
0.56603 0.925314
3.40316 0
0.431342 0.630106
0.0818452 0.136161
0.422665 0.409237
0.624486 0.663462
0.473299 0.710743
0.0630246 0.766295
3.5625 0
0.116809 0.388505
0.0591408 0.215164
0.154996 0.413275
0.175159 0.452985
0.616894 0.765964
0.481098 0.952707
0.651035 0.281337
0.77542 0.841449
0.66678 0.0261001
0.901652 0.0975664
0.670228 0.519622
0.794571 0.718165
0.8783 0.66762
0.900005 0.905885
0.383623 0.0764245
0.391218 0.361979
0.858499 0.492394
0.975976 0.459754
0.350737 0.8931
0.450211 0.0813232
0.0873969 0.6357
0.118373 0.543245
0.019615 0.112174
0.683042 0.217796
0.843941 0.0316152
0.778908 0.737086
0.964153 0.844064
0.403176 0.284694
0.432839 0.35713
0.831927 0.551402
0.335084 0.825841
3.65907 0
0.123514 0.35132
0.447936 0.451009
0.20846 0.0383314
0.739537 0.814017
0.542039 0.0283844
0.0717073 0.704596
0.544985 0.542666
0.279954 0.668457
0.0186733 0.427143
0.596866 0.416602
0.267144 0.951893
2.68438 0
0.467673 0.124626
0.923096 0.311609
0.970197 0.244122
0.650596 0.911727
0.0209146 0.643829
0.0498996 0.0280797
0.48489 0.599164
0.132373 0.64464
0.586704 0.280347
0.165496 0.770617
0.240172 0.787386
0.0460952 0.510608
0.264632 0.27417
0.265689 0.365635
0.329226 0.650557
0.228889 0.553352
0.0938419 0.586399
0.762712 0.364678
0.36145 0.298875
0.51374 0.257678
0.833168 0.0981157
0.840821 0.965065
0.0245184 0.819226
0.126242 0.892672
0.127114 0.214022
0.488547 0.350341
0.381026 0.835809
0.410325 0.954821
0.159863 0.322607
0.380062 0.10166
0.485653 0.565445
0.964318 0.905265
0.0275781 0.725807
0.672532 0.436792
0.180188 0.419221
0.202984 0.364922
0.021617 0.141594
0.700807 0.601959
0.631671 0.185624
0.921591 0.385333
0.132056 0.453996
0.697371 0.66106
0.205682 0.592983
0.114194 0.598974
0.311601 0.370885
0.358756 0.401535
0.726538 0.0251137
0.948034 0.701671
3.71875 0
0.528403 0.977549
3.46875 0
0.924667 0.439122
3.96563 0
0.964305 0.0939841
3.09063 0
0.326744 0.598428
0.784137 0.544898
0.333637 0.766625
0.158849 0.542063
0.182384 0.0976559
0.132588 0.158469
0.733871 0.719379
0.596225 0.0261534
1.59066 0
0.243052 0.483158
0.3993 0.781345
2.77813 0
0.97425 0.338578
2.34375 0
3.28441 0
0.282043 0.143216
0.580513 0.342494
0.0405977 0.420902
0.0303182 0.276319
0.16807 0.483502
0.254884 0.634403
0.0770978 0.546314
0.887645 0.843385
0.49932 0.74896
0.707674 0.17147
0.785672 0.91017
0.0570317 0.87031
2.84375 0
0.311051 0.517753
0.873386 0.422074
0.910813 0.510552
0.0978535 0.763434
0.20053 0.512718
0.254167 0.5625
0.572006 0.756215
0.522718 0.510303
0.22045 0.464392
0.551082 0.23331
0.340687 0
3.22219 0
0.502597 0.83311
0.0318363 0.328585
0.122429 0.513547
0.342948 0.678559
2.40625 0
0.40625 0
1.72188 0
0.615533 0.242705
1.03125 0
2.03125 0
3.03125 0
0.325174 0.242188
0.47602 0.298677
0.697699 0.539529
0.32847 0.74662
0.372149 0.453914
0.136623 0.131374
0.596946 0.0682108
0.637657 0.843252
1.53125 0
0.918428 0.195823
0.512697 0.0298936
0.745871 0.101591
1.28778 0
2.28437 0
0.0468787 0.709106
0.0422076 0.100995
0.253966 0.130706
0.1817 0.66192
0.520543 0.321463
0.170005 0.851023
0.0383132 0.449292
0.199921 0.323461
0.746663 0.415946
0.793889 0.364721
0.886819 0.756655
0.517188 0.460938
0.602906 0.294675
0.41668 0.258381
0.911565 0.264043
0.721879 0.148294
0.741993 0.975892
0.864689 0.839974
0.156643 0.966955
0.300556 0.330359
0.165357 0.245225
0.333325 0.459368
0.572874 0.706851
0.468562 0.440181
0.281876 0.44845
0.769897 0.418185
0.844692 0.593274
0.310719 0.954695
0.657902 0.339434
0.112623 0.295782
0.305459 0.155374
0.638214 0.619483
0.78125 0
0.696882 0.76057
0.567593 0.896156
1.78125 0
0.0669271 0.674002
0.339017 0.364619
0.347574 0.632146
0.529756 0.787951
0.57408 0.227685
0.254556 0.0582039
0.895106 0.24852
0.156507 0.152027
0.619172 0.140755
0.772379 0.179607
0.962631 0.124657
0.861509 0.908005
0.0206998 0.850272
0.197611 0.216098
0.406607 0.217245
0.263255 0.539222
0.601407 0.360179
0.513506 0.365606
0.773438 0.57531
0.721017 0.534381
0.460296 0.758262
0.420409 0.908393
0.195443 0.275391
0.837367 0.773109
0.315148 0.411024
0.153094 0
0.764481 0.675119
0.87042 0.710535
0.640573 0.042277
0.669015 0.724882
1.65625 0
0.368516 0.673872
0.269587 0.82655
0.321895 0.698085
0.337367 0.303714
0.207974 0.976882
0.276583 0.708017
0.550963 0.0758188
0.529835 0.190333
0.947585 0.390601
0.746402 0.243216
0.53837 0.932636
0.0241616 0.616978
0.122658 0.0468595
0.0595265 0.139286
0.283144 0.803049
0.498612 0.725861
0.501952 0.648138
0.0800103 0.793245
3.53125 0
0.106662 0.410594
0.0750084 0.333697
0.0554864 0.237424
0.163649 0.390363
0.815909 0.347137
0.668481 0.300229
0.645297 0.379629
0.677371 0.0668938
0.898053 0.0672447
0.731744 0.872025
0.824 0.73103
0.45068 0.0284653
0.928266 0.906088
0.0510593 0.892922
0.402645 0.391092
0.884749 0.50064
0.951013 0.448836
0.35247 0.919097
0.254911 0.614091
0.479494 0.0939733
0.6881 0.253482
0.633991 0.263092
0.894038 0.130264
0.81866 0.664232
0.867924 0.967268
0.964478 0.874749
0.0623804 0.955785
0.376021 0.280745
0.274127 0.251007
0.311522 0.538094
0.398269 0.520333
0.412994 0.367221
0.368125 0.258286
0.832325 0.484392
0.808102 0.546384
0.331298 0.850396
0.226011 0.809198
0.402988 0.421412
0.447196 0.472561
0.137299 0.0745373
0.197673 0.0751868
0.721934 0.671574
0.772533 0.764293
0.550057 0.671656
0.571968 0.0300223
0.69687 0.839178
0.936467 0.620756
0.937717 0.521484
0.146713 0.707081
0.25021 0.454988
0.296702 0.474267
0.108171 0.738331
0.425562 0.709028
0.523284 0.740718
0.28402 0.919109
2.65625 0
0.448942 0.105178
0.403682 0.0553014
0.665425 0.156967
0.79178 0.0806217
0.950393 0.325621
0.856701 0.302305
0.650945 0.953947
0.720839 0.939401
0.0404545 0.663354
0.0782411 0.0269158
0.0895833 0.078125
0.210514 0.100894
0.318524 0.0233357
0.441222 0.655238
0.140689 0.676601
0.235116 0.0917719
0.565381 0.295256
0.625436 0.339404
0.623898 0.708888
0.74195 0.62762
0.179565 0.749205
0.254669 0.74301
0.049322 0.480317
0.214214 0.904157
0.244429 0.351428
0.085249 0.429508
0.305146 0.660743
0.0517491 0.604445
0.786209 0.314567
0.721956 0.279882
0.805329 0.689839
0.936998 0.7742
0.557007 0.773156
0.499039 0.790492
0.52361 0.668203
0.487112 0.145619
0.712872 0.0479135
0.819551 0.120931
0.696807 0.19786
0.811905 0.89787
0.813237 0.963299
0.11364 0.937014
0.12692 0.188297
0.209602 0.153893
0.474598 0.372671
0.408575 0.835788
0.0938111 0.246465
0.401133 0.117565
0.353395 0.192992
0.90625 0
0.621794 0.907279
1.90625 0
0.0157802 0.793035
0.357726 0.824219
0.371595 0.716283
0.218888 0.38686
0.0294604 0.225751
0.454322 0.562461
0.572999 0.170465
0.643601 0.201914
0.851798 0.377589
0.109176 0.440011
0.785864 0.604858
0.642581 0.478704
0.181904 0.609906
0.365164 0.426767
0.698709 0.02339
0.925986 0.721684
0.192134 0.923633
0.55297 0.98209
0.0674602 0.161697
0.0289141 0.0521973
0.61586 0.202995
0.963959 0.0646261
0.933573 0.96334
0.361525 0.540318
0.339201 0.580671
0.729217 0.483033
0.280479 0.775428
0.181987 0.582252
0.424104 0.459898
0.362146 0.493568
0.164378 0.122141
0.637556 0.0187329
0.673307 0.111328
0.650105 0.797779
0.480224 0.683199
0.456186 0.731692
0.247958 0.957021
1.35028 0
0.69503 0.972427
0.0215077 0.0833529
0.796057 0.801683
0.557882 0.352502
0.117289 0.838416
0.180081 0.29201
0.283282 0.29236
0.327332 0.620964
0.116043 0.571577
0.841967 0.216302
0.512138 0.768199
0.509828 0.408741
0.609083 0.26899
0.888247 0.312267
0.779615 0.935897
0.147703 0.888087
0.286316 0.375127
0.147594 0.256047
0.314094 0.4942
0.443682 0.426731
0.488827 0.665781
0.125906 0.253521
0.882526 0.567309
0.371327 0.960693
0.0720093 0.474151
0.332496 0.0835259
0.84375 0
0.73837 0.743507
0.591277 0.856033
0.962804 0.814018
0.0172637 0.669834
0.307004 0.851942
0.379477 0.789936
0.342328 0.803083
0.380995 0.335595
0.353467 0.60692
0.396061 0.667289
0.565501 0.841185
0.448468 0.806666
0.897394 0.430312
0.722645 0.435557
0.62312 0.165632
0.977371 0.213376
0.400692 0.167906
0.469213 0.204017
0.493468 0.0595211
0.454902 0.97257
0.21875 0
0.778167 0.695698
0.753272 0.0334455
0.655766 0.744869
0.971627 0.677884
0.706915 0.574405
0.344813 0.707842
0.491587 0.498372
0.888176 0.618934
0.598782 0.956493
0.504771 0.967584
0.0350361 0.563009
0.0448426 0.582726
0.628338 0.539051
0.676876 0.679596
0.0588564 0.789033
0.0179745 0.766362
0.132222 0.42619
0.619889 0.789598
0.708469 0.345488
0.669251 0.891723
0.925784 0.845645
0.256999 0.299542
0.329861 0.28125
1.41278 0
0.330472 0.90044
0.256756 0.890234
0.749644 0.286545
0.0421797 0.97461
0.809419 0.622855
0.47012 0.397763
0.351052 0.869992
0.0927644 0.385259
0.354536 0.381018
0.478829 0.628093
0.769692 0.889729
1.47188 0
0.468218 0.0465269
0.974848 0.710105
0.0795715 0.200695
2.59375 0
0.933246 0.036683
0.963853 0.93494
0.64374 0.239927
0.96875 0
1.96875 0
0.479572 0.325516
0.428979 0.301731
0.794301 0.457242
0.303343 0.738797
0.158375 0.0929468
0.613603 0.0895738
0.97812 0.488138
0.222432 0.204354
0.468438 0
0.77728 0.134909
0.974893 0.307201
0.0639507 0.0576021
0.522304 0.296727
0.561926 0.324576
0.167361 0.802399
0.897876 0.806463
0.639954 0.30213
0.467847 0.252061
2.21875 0
0.831817 0.876802
2.90625 0
0.27128 0.340296
0.150611 0.20559
0.704557 0.372424
0.230714 0.629055
0.35177 0.139916
0.726386 0.600075
0.805825 0.0376949
0.701973 0.788134
0.976967 0.739068
0.35314 0.755961
3.78472 0
0.278094 0
0.29905 0.109582
0.74159 0.521822
1.15625 0
0.223106 0.177489
0.437588 0.832193
0.267894 0.179952
0.389316 0.583011
0.286637 0.529332
0.426328 0.15407
0.566092 0.540095
0.136695 0.584677
0.34107 0.416239
0.166499 0.0405386
0.973661 0.369718
0.974726 0.430436
0.09375 0
3.59375 0
0.135425 0.400443
0.928694 0.0937088
0.857315 0.0909342
0.91887 0.696007
0.898048 0.93408
0.896103 0.878796
0.0234513 0.898368
0.847285 0.535091
0.870262 0.447946
0.870979 0.0319477
2.09375 0
1.84375 0
0.528125 0
0.034375 0
0.566486 0.261244
2.15625 0
0.192938 0.390817
0.922113 0.411426
0.715313 0
0.0150426 0.262527
2.46528 0
0.928004 0.466715
1.09375 0
0.590625 0
0.979117 0.0193817
0.978831 0.980252
0.347911 0.238751
0.789149 0.485768
0.118123 0.11472
0.652314 0.821894
0.981336 0.516272
0.760233 0.116166
0.147208 0.0513834
0.0637656 0.116553
0.257864 0.105656
0.929985 0.164087
0.89106 0.781421
0.519952 0.487684
0.444825 0.259854
0.92988 0.28171
0.754062 0.137596
0.769201 0.980153
0.792778 0.824583
0.137101 0.978526
0.494307 0.45005
0.797255 0.413609
0.853809 0.565293
0.0731319 0.854717
0.311994 0.176465
0.676647 0.603161
0.767225 0.0166931
0.585939 0.881695
0.98006 0.767593
0.281369 0.0694601
0.173402 0.173151
0.75041 0.178563
0.941333 0.137038
0.845146 0.925535
0.221542 0.233765
0.402601 0.192944
0.512949 0.388135
0.258445 0.028097
0.725384 0.507852
0.397526 0.888841
0.770009 0.648761
0.879854 0.732854
0.661023 0.0520755
0.259542 0.845849
0.72558 0.556331
0.150436 0.787428
0.555463 0.199073
0.74074 0.264919
0.541033 0.905104
0.10869 0.0246735
0.611647 0.635343
0.527571 0.692623
0.453387 0.238655
0.0135417 0.484375
0.0551795 0.331004
0.514769 0.917589
0.676602 0.382295
0.913658 0.0803115
0.745836 0.893093
0.818707 0.706479
0.867398 0.642748
0.913427 0.92106
0.378155 0.384325
0.878341 0.475002
0.328206 0.920406
0.67236 0.236151
0.874795 0.108529
0.82872 0.0449697
0.888437 0.979486
0.982278 0.85934
0.0625868 0.976562
0.3809 0.30689
0.2702 0.204582
0.299065 0.555758
0.579914 0.667029
0.839707 0.508945
0.562281 0.648441
0.214508 0.833115
0.187283 0.0508463
0.742089 0.680265
0.753611 0.789698
0.6836 0.866022
0.747182 0.49944
0.956062 0.547246
0.297481 0.687731
0.358758 0.979765
0.419471 0.0260426
0.645567 0.168431
0.766157 0.090071
0.968222 0.189279
0.680385 0.919648
0.611746 0.556389
0.290236 0.0235108
0.469173 0.657491
0.11852 0.670045
0.228584 0.766548
0.220274 0.261698
0.795726 0.338114
0.699219 0.296897
0.941495 0.801377
0.596865 0.389054
0.422338 0.669001
0.50234 0.236017
0.806771 0.101562
0.671013 0.199884
0.824283 0.91805
0.827087 0.983054
0.140161 0.919186
0.344822 0.0338677
0.195262 0.125753
0.43017 0.559202
0.542327 0.430654
0.444536 0.924069
0.546416 0.629814
0.353147 0.166011
0.888661 0.0205098
0.611961 0.880612
0.442708 0.894531
0.982245 0.890406
0.426009 0.608821
0.353745 0.652602
0.579944 0.199946
0.8575 0.35391
0.786224 0.629851
0.718789 0.644967
0.641776 0.51178
0.287631 0.416687
0.175889 0.948023
0.78036 0.203624
0.945874 0.0799263
0.907884 0.958678
0.297275 0.241369
0.364378 0.211433
0.472382 0.273308
0.792623 0.517151
0.769014 0.467247
0.301472 0.786341
0.405817 0.447139
0.377661 0.480971
0.813328 0.321907
0.680368 0.090356
0.641316 0.888663
0.271052 0.687923
0.192356 0.731533
0.0156743 0.451393
0.437664 0.749016
0.50867 0.10708
0.721131 0.0729642
0.831559 0.146308
0.668166 0.975526
0.0225592 0.022684
0.263145 0.154208
0.176174 0.197667
0.331633 0.510406
0.230964 0.745826
0.152917 0.740219
0.516529 0.344314
0.152001 0.863873
0.288075 0.268581
0.277413 0.601778
0.573566 0.589828
0.819936 0.254791
0.877405 0.864921
0.858211 0.401811
0.646132 0.449291
0.870504 0.254224
0.905269 0.291365
0.68883 0.157261
0.658248 0.12957
0.738476 0.951143
0.762031 0.914359
0.748539 0.474819
0.402505 0.932844
0.309747 0.452945
0.469619 0.543231
0.745415 0.449619
0.840756 0.169577
0.871175 0.592338
0.890472 0.525753
0.334347 0.942982
0.305773 0.979193
0.303399 0.133396
0.457714 0.947069
0.605455 0.537249
0.826089 0.0181175
0.771182 0.239852
0.609069 0.835072
0.634688 0.932352
0.944281 0.830106
0.354025 0.782259
0.409995 0.341999
0.393826 0.643976
0.540619 0.855075
0.46877 0.785651
0.54474 0.452418
0.559194 0.123526
0.126013 0.867505
0.82296 0.461169
0.109135 0.138196
0.71747 0.200002
0.981661 0.109344
0.879333 0.891737
0.854926 0.948373
0.398978 0.143893
0.444667 0.194842
0.492555 0.213087
0.507799 0.0823151
0.763356 0.550952
0.815531 0.59937
0.796834 0.774923
0.482592 0.978572
0.206335 0.0177022
0.753301 0.699265
0.86012 0.687825
0.65625 0
0.92712 0.587813
0.29351 0.875611
0.900757 0.382889
0.579747 0.974965
0.0190388 0.577985
0.603305 0.659326
0.700888 0.2717
0.684598 0.324652
0.601608 0.333367
0.733175 0.362287
0.84035 0.0706204
0.883901 0.0486521
0.721236 0.895755
0.7111 0.814304
0.906977 0.860464
0.946332 0.890052
0.0889568 0.92108
0.353337 0.28025
0.222027 0.675545
0.419144 0.131349
0.537445 0.587086
0.451875 0.376618
0.23144 0.0466925
0.78169 0.866524
0.590164 0.0454202
0.93223 0.494041
0.265226 0.650617
0.0926785 0.0508251
0.541133 0.258377
0.244187 0.378921
0.93206 0.747683
0.801717 0.945896
0.112443 0.165947
0.422096 0.97679
0.946588 0.0548677
0.946621 0.945048
0.981596 0.0479035
0.949972 0.0175087
0.950052 0.982627
0.981408 0.951756
2.96875 0
0.30708 0.284794
0.979378 0.546014
0.19035 0.706303
0.286538 0.967244
0.512904 0.599037
0.693157 0.115872
0.699596 0.944125
0.223359 0.129173
0.831479 0.236922
0.226921 0.310126
0.830693 0.306522
0.550762 0.79921
0.596509 0.472907
0.642423 0.356146
0.405486 0.238356
0.797588 0.981983
0.82536 0.851316
0.797763 0.747322
0.748267 0.385721
0.906926 0.565853
0.522497 0.557548
0.37812 0.932253
0.538308 0.406547
0.62734 0.595379
0.795383 0.0178975
0.789918 0.0580273
0.879142 0.155173
0.586356 0.830962
0.98138 0.797675
0.390438 0.732244
0.857836 0.274744
0.349923 0.342284
0.544619 0.826179
0.534741 0.650351
0.247363 0.170891
0.0194345 0.549058
0.628893 0.104196
0.796404 0.122489
0.806828 0.20028
0.980447 0.140424
0.106902 0.791886
0.839573 0.900361
0.385812 0.226665
0.529757 0.147532
0.457949 0.152545
0.553029 0.380943
0.732859 0.579276
0.691301 0.477994
0.138487 0.30877
0.167371 0.0186522
0.862007 0.772345
0.636254 0.0846375
0.979426 0.602003
0.315795 0.830822
0.262683 0.91272
0.496302 0.875345
0.233433 0.88063
0.573356 0.0845411
0.794097 0.246482
0.0909852 0.161073
0.643568 0.644352
0.789762 0.222336
0.452273 0.706896
0.10453 0.208295
0.527638 0.955389
0.660975 0.258515
0.615521 0.0396994
0.125927 0.751719
0.921565 0.118204
0.880761 0.0847036
0.758946 0.746032
0.889039 0.691497
0.881519 0.916651
0.0441462 0.918002
0.887589 0.18618
0.427012 0.0701089
0.0689399 0.622166
0.729399 0.224488
0.857489 0.015881
0.92011 0.982153
0.982105 0.828283
0.552913 0.0506877
2.71531 0
0.930723 0.339146
0.409395 0.569996
0.53046 0.612703
0.448221 0.0556396
0.463586 0.179322
0.248481 0.249913
0.774337 0.339795
0.700305 0.398428
0.657817 0.317505
0.499795 0.281876
0.818036 0.0817383
0.846535 0.116368
0.857439 0.984086
0.169046 0.905404
0.500087 0.332031
0.372338 0.885353
0.389613 0.977948
0.920085 0.0179918
0.982108 0.921304
3.84378 0
0.631139 0.685919
0.492399 0.928008
0.982192 0.0783819
0.325375 0.784817
0.639906 0.977235
0.306666 0.634823
0.905205 0.831639
0.51892 0.715837
0.735833 0.92122
0.791057 0.887273
0.339789 0.488129
0.61047 0.977422
0.877496 0.232728
0.327777 0.26168
0.813725 0.499503
0.834003 0.63949
0.0444813 0.0767877
0.278805 0.119621
0.906113 0.739832
0.428264 0.277898
0.761717 0.957606
0.87922 0.82103
0.849787 0.858428
0.135311 0.952048
0.0990494 0.861023
0.28716 0.166632
0.326929 0.150828
0.586355 0.555519
0.785643 0.159271
0.945735 0.108523
0.441949 0.777195
0.49477 0.370899
0.535764 0.3604
0.675696 0.540917
0.421338 0.792622
0.852409 0.727772
0.778349 0.291133
0.447092 0.685102
0.446605 0.402146
0.132069 0.808824
0.907911 0.0417615
0.877632 0.375398
0.908141 0.671592
0.913276 0.888622
0.945892 0.919611
0.905776 0.484047
0.865202 0.517213
0.862319 0.1781
0.85603 0.0491793
0.88316 0.952004
0.946233 0.859687
0.85067 0.468175
0.821208 0.525079
0.199012 0.805796
0.420146 0.481602
0.957585 0.504013
0.390503 0.0256769
0.682602 0.178103
0.279725 0.752699
0.239438 0.279674
0.917237 0.790827
0.956856 0.756823
0.52465 0.275486
0.44403 0.870773
0.635 0.123946
0.826391 0.941639
0.377038 0.12869
0.37729 0.18025
0.368828 0.807479
0.221255 0.929591
0.07683 0.181428
0.26941 0.395092
0.316162 0.0973347
2.53125 0
0.431784 0.329629
0.536798 0.474034
0.741438 0.154016
0.663951 0.625813
0.705546 0.518611
0.422493 0.879484
0.619279 0.615063
0.0712179 0.825986
0.654837 0.399575
0.295083 0.214657
0.727703 0.790206
0.842459 0.795593
0.934353 0.54375
0.981187 0.169597
0.677358 0.949463
0.454775 0.636219
0.254 0.765588
0.626252 0.403254
0.527401 0.236114
0.573165 0.461335
0.568028 0.429882
0.422628 0.934528
0.486902 0.902252
0.407431 0.596094
0.897378 0.359807
0.666753 0.492188
0.168386 0.926328
0.816607 0.435879
0.725958 0.0981755
0.802866 0.140744
0.0998913 0.816264
0.280944 0.626051
0.844769 0.256074
0.819656 0.788903
0.619897 0.461536
0.482591 0.848132
0.702587 0.142461
0.760494 0.197926
0.179424 0.975403
0.557448 0.476318
0.443159 0.538114
0.35932 0.940832
0.354562 0.113645
0.586765 0.520944
0.579203 0.138882
0.961093 0.619044
0.450547 0.218201
0.487272 0.18723
0.797337 0.586453
0.422679 0.815409
0.187546 0.0273681
0.716048 0.62099
0.912485 0.609832
0.572029 0.686477
0.680037 0.560618
0.263652 0.788531
0.356977 0.0845946
0.316919 0.222618
0.114478 0.0912321
0.683422 0.354741
0.727506 0.842508
0.0884129 0.947277
0.263422 0.86977
0.195388 0.679403
0.207842 0.650944
0.669214 0.464226
0.855913 0.234034
0.769383 0.813112
0.552629 0.101621
0.679349 0.8118
0.973996 0.573321
0.713972 0.120687
0.0918635 0.109113
0.2385 0.852917
0.83101 0.280524
0.832914 0.38954
0.83919 0.333139
0.856318 0.154064
0.198052 0.18281
0.356175 0.515977
0.601709 0.687701
0.518229 0.433767
0.239171 0.406593
0.893387 0.547524
0.464052 0.829141
0.603578 0.580544
0.685038 0.583047
0.765821 0.0614892
0.548033 0.880986
0.329401 0.324699
0.358717 0.319831
0.819897 0.175532
0.275703 0.0454612
0.311585 0.0703334
0.793834 0.180931
0.938386 0.251352
0.24644 0.193223
0.586672 0.646844
0.917891 0.231957
0.707837 0.491962
0.453311 0.610168
0.453852 0.851852
0.379341 0.508092
0.802104 0.647085
0.240405 0.908506
0.698522 0.0691618
0.278332 0.895089
0.895731 0.215657
0.506975 0.194272
0.730302 0.304835
0.610559 0.932291
0.50956 0.942292
0.435368 0.952514
0.649795 0.422013
0.623415 0.361647
0.706882 0.918741
0.761198 0.721886
0.831854 0.684962
0.428209 0.046812
0.702195 0.22813
0.833757 0.614271
0.504973 0.620293
0.254058 0.933015
0.9189 0.362061
0.624592 0.955546
0.395494 0.913911
0.622773 0.432477
0.434746 0.58444
0.576215 0.62408
0.120425 0.696121
0.257313 0.72263
0.21475 0.783644
0.300266 0.393283
0.489341 0.257144
0.109625 0.907326
0.0827794 0.227307
0.376664 0.864417
0.4707 0.926484
0.390498 0.953476
0.255532 0.0822821
0.907283 0.334647
0.651361 0.669985
0.737251 0.0519413
0.744271 0.542648
0.287588 0.648138
0.836632 0.195808
0.913937 0.537348
0.944252 0.186407
0.615617 0.855445
0.193808 0.853518
0.866321 0.208632
0.821759 0.574305
0.671747 0.65203
0.651136 0.598
0.80631 0.38946
0.82642 0.410126
0.816102 0.222699
0.426071 0.207675
0.509997 0.134861
0.764211 0.524155
0.418204 0.765339
0.640874 0.0643257
0.612847 0.015625
0.683966 0.705303
0.254218 0.808511
0.294708 0.826137
0.576004 0.490827
0.577274 0.110626
0.535829 0.21453
0.462584 0.584336
0.467025 0.878123
0.520804 0.634621
0.525275 0.87778
0.618894 0.382221
0.843439 0.751287
0.896713 0.647575
0.852556 0.816152
0.0655706 0.932752
0.0834794 0.972931
0.27212 0.229368
0.399196 0.494221
0.20998 0.05928
0.745339 0.766603
0.925651 0.650298
0.946216 0.569702
0.144202 0.765628
0.429417 0.09115
0.90306 0.162897
0.364271 0.0222168
0.504351 0.67894
0.323228 0.0470507
0.212723 0.724046
0.205725 0.755019
0.790123 0.669917
0.370344 0.0515394
0.482899 0.814453
0.571019 0.399286
0.953935 0.594759
0.111383 0.23522
0.847753 0.427664
0.191014 0.897726
0.725369 0.391306
0.648168 0.769141
0.226745 0.95465
0.865849 0.328222
0.403216 0.623299
0.976816 0.652959
0.44236 0.172117
0.979691 0.631148
0.126185 0.724545
0.467036 0.518657
0.499838 0.474812
0.551087 0.693538
0.654819 0.543898
0.635002 0.569585
0.73214 0.331567
0.0421636 0.943568
0.0176784 0.981444
0.402375 0.860035
0.552835 0.145251
0.656108 0.219058
0.653672 0.102542
0.719383 0.463163
0.295861 0.0882618
0.729647 0.175788
0.555075 0.51777
0.719248 0.413029
0.22942 0.0228118
0.512914 0.89563
0.75331 0.834825
0.350105 0.961549
0.659318 0.932991
0.695045 0.893252
0.414667 0.648151
0.47655 0.231455
0.63439 0.8674
0.611715 0.493201
0.848389 0.664479
0.367157 0.23435
0.758038 0.314667
KVERT
352 1206 1245 
2 633 1049 
4 634 1050 
1284 212 1209 
1051 356 636 
109 195 357 
637 62 975 
359 1422 1052 
166 639 360 
361 199 40 
362 114 200 
41 201 363 
364 202 640 
641 1053 365 
366 1261 591 
980 642 205 
1054 643 206 
1055 8 644 
1535 1562 672 
48 1282 370 
371 11 210 
111 1024 77 
645 426 1580 
373 25 213 
646 374 7 
647 1137 1056 
19 648 376 
20 649 666 
562 599 378 
1058 730 54 
1059 134 1425 
1313 1514 1210 
653 382 136 
654 62 987 
384 204 14 
385 655 224 
88 386 656 
226 89 738 
200 657 387 
570 388 143 
1435 1525 1232 
390 102 606 
1517 1566 1677 
1355 1061 232 
393 689 892 
394 1062 1483 
662 395 137 
1063 196 1427 
664 1577 1064 
1484 665 375 
1066 20 666 
1067 884 425 
567 1568 934 
612 668 1520 
401 317 669 
670 242 402 
403 671 68 
1343 1177 1576 
673 1069 85 
674 371 785 
1070 675 247 
1071 904 1226 
127 409 677 
1432 1072 410 
65 250 679 
251 143 412 
413 6 604 
572 414 100 
60 1433 1073 
86 160 255 
305 1485 1074 
44 682 1075 
1003 683 258 
259 684 1076 
46 685 1077 
599 562 21 
47 800 686 
422 17 262 
423 263 177 
49 1352 1547 
97 1571 1336 
1345 616 113 
688 889 917 
1338 1653 1162 
690 429 31 
1078 134 1621 
1509 1070 1637 
693 1079 155 
272 187 432 
88 602 433 
541 434 343 
435 923 694 
151 695 1080 
1437 1081 1373 
278 1082 697 
59 439 698 
982 1083 699 
1084 280 1639 
195 36 442 
701 174 443 
702 1149 24 
703 445 1085 
1710 1097 1104 
1486 447 1581 
1209 1435 1567 
1487 707 1088 
450 26 285 
887 708 453 
114 518 452 
657 1314 387 
67 588 454 
455 55 287 
456 766 221 
1019 710 179 
69 711 458 
459 276 1519 
1443 1090 460 
714 494 1091 
310 462 91 
292 715 384 
1690 1688 464 
74 165 294 
934 1536 638 
717 169 918 
718 1092 297 
468 174 298 
76 617 469 
470 299 141 
628 935 719 
1017 1707 1525 
1685 213 721 
472 722 75 
473 214 723 
269 1654 1360 
725 475 318 
1096 13 726 
477 727 1097 
728 478 303 
458 1098 69 
480 862 730 
37 481 750 
1099 681 1365 
448 51 608 
1100 404 1415 
1101 396 1528 
306 164 484 
1102 10 735 
736 486 1025 
470 737 1103 
848 487 738 
488 1025 739 
90 564 489 
310 160 490 
1710 1104 1504 
1396 991 741 
1105 1490 742 
743 461 1091 
744 1106 495 
94 1107 745 
290 746 1108 
1580 1577 664 
748 1110 499 
316 1378 749 
97 241 669 
1111 750 330 
98 1453 1112 
334 752 503 
753 1113 954 
999 754 605 
321 136 423 
530 755 282 
323 28 506 
890 507 67 
566 508 54 
1114 509 1601 
972 757 632 
1115 758 32 
1274 93 1116 
1117 58 1400 
1167 1118 163 
107 584 1031 
957 1119 325 
1120 763 513 
1180 1661 1491 
1015 1122 281 
1325 560 218 
767 514 37 
1517 1583 1566 
1460 1422 1124 
1125 779 1338 
516 327 771 
1126 385 1461 
450 361 328 
285 77 517 
114 309 518 
1353 679 158 
115 588 413 
115 617 363 
116 773 481 
519 85 774 
117 979 775 
117 1127 776 
1128 777 289 
1492 1129 521 
367 980 18 
780 522 333 
683 292 384 
781 1130 368 
1493 425 1515 
1494 783 1132 
523 47 686 
1611 806 784 
123 1282 320 
525 818 1133 
371 594 785 
124 620 1707 
602 111 273 
934 1568 1536 
126 372 788 
1535 1694 779 
409 790 319 
249 1134 791 
322 792 52 
1135 793 1464 
794 1136 435 
215 1137 795 
130 796 531 
173 1138 1495 
1311 1496 1139 
1597 1276 1416 
378 912 800 
801 535 340 
986 802 379 
807 803 331 
1141 1007 270 
135 3 300 
963 1142 1497 
806 1611 1143 
1546 100 999 
808 341 1039 
70 1515 1258 
138 463 810 
811 446 175 
139 539 812 
1392 1689 1349 
140 225 814 
541 274 434 
470 250 65 
141 299 603 
1719 498 1262 
142 996 816 
388 6 627 
817 433 172 
818 544 335 
253 41 545 
145 546 323 
819 728 303 
1394 1146 659 
1147 311 1270 
1108 497 822 
1468 1148 95 
393 30 824 
892 825 448 
1338 733 1653 
918 1150 78 
282 827 530 
1500 1292 549 
1342 1152 829 
1465 1153 56 
152 610 831 
1320 1155 346 
153 34 698 
153 552 87 
1156 240 1431 
233 793 1380 
155 997 834 
22 907 1575 
836 326 555 
548 1572 720 
837 556 64 
707 1161 1503 
411 16 838 
286 66 558 
1283 839 322 
159 1475 1163 
490 342 72 
393 824 689 
161 841 1164 
259 1165 842 
1504 1409 1619 
163 843 1167 
164 562 208 
844 552 279 
261 534 728 
165 74 686 
1604 1586 1359 
166 846 422 
564 90 488 
167 1041 847 
566 103 508 
168 308 848 
1168 1687 1505 
1169 544 688 
269 625 268 
864 851 190 
1506 1622 1605 
569 301 725 
172 273 328 
853 570 143 
532 351 19 
618 389 144 
468 76 594 
459 1234 726 
289 777 1173 
1507 447 496 
23 1271 1147 
177 871 856 
263 28 573 
178 627 507 
178 606 455 
710 246 1175 
1019 857 68 
180 1043 858 
1028 859 147 
182 604 489 
182 621 469 
183 578 299 
1719 1423 1109 
185 1045 861 
1340 580 343 
187 272 862 
848 89 50 
318 752 581 
1366 1177 1343 
190 429 864 
1114 1702 509 
1298 1178 105 
866 1179 106 
193 584 107 
636 108 1180 
194 840 1181 
195 109 867 
868 585 61 
663 513 12 
196 1182 637 
638 1536 1441 
197 1220 1184 
198 639 587 
198 1185 870 
199 737 65 
199 518 40 
200 114 558 
387 816 344 
201 41 871 
201 454 588 
202 1186 872 
1187 873 403 
1284 239 1325 
874 693 641 
204 591 14 
1188 231 1315 
494 714 875 
1703 1189 876 
1165 1190 842 
206 947 877 
369 1306 1132 
208 15 484 
208 523 122 
209 123 1191 
1192 812 222 
210 11 443 
210 468 594 
211 1129 778 
526 1193 485 
706 879 51 
372 1194 1642 
213 25 596 
1685 471 1477 
214 646 522 
473 80 1195 
1510 129 1196 
1342 829 1511 
216 881 597 
1423 1602 29 
562 378 650 
1719 1599 759 
883 508 324 
1012 1583 449 
220 652 1200 
1201 699 402 
456 221 36 
1202 109 613 
1673 48 370 
222 1204 784 
223 988 885 
223 1205 654 
655 79 1206 
886 410 1512 
225 140 1102 
225 1193 656 
226 16 141 
89 603 1044 
453 657 66 
1207 108 1305 
228 570 90 
228 489 604 
229 585 889 
229 1513 1208 
230 390 606 
230 890 546 
820 1394 1721 
1313 891 1548 
667 607 1211 
1656 709 70 
789 892 608 
732 51 483 
156 405 959 
1589 1632 1379 
235 662 894 
235 757 492 
664 1215 397 
397 1215 895 
1518 665 609 
237 1217 876 
1416 1218 799 
1493 232 1658 
1284 203 1390 
153 1072 611 
553 307 1245 
1360 1710 1504 
241 97 574 
241 898 543 
242 670 899 
1221 1607 707 
900 613 11 
243 786 1222 
1521 1648 394 
1522 135 1692 
245 673 901 
156 959 836 
406 785 424 
1222 671 243 
658 407 1224 
1086 691 1286 
1071 1226 676 
248 1454 1227 
1228 753 1523 
1229 1387 1308 
250 411 679 
250 141 16 
251 906 386 
251 817 853 
252 413 604 
252 469 617 
253 572 41 
253 545 618 
254 1434 1230 
1524 1538 559 
1621 807 331 
255 619 30 
255 672 86 
1232 1525 149 
257 908 1233 
258 14 909 
1234 476 726 
910 1332 1235 
842 533 1236 
1148 1237 95 
912 378 132 
800 261 421 
262 595 914 
1238 915 1411 
263 537 28 
263 1018 177 
264 424 621 
264 564 167 
501 1239 767 
265 962 687 
432 566 272 
267 917 442 
1240 918 169 
268 1337 1241 
825 1242 448 
1095 690 622 
1526 1244 1649 
1351 1093 63 
614 171 921 
271 1246 1509 
1407 432 266 
922 658 1224 
26 273 111 
273 26 328 
541 140 814 
274 455 606 
923 568 170 
275 850 1526 
1527 1357 1690 
1248 830 609 
426 924 532 
1344 1249 57 
697 33 1250 
278 1457 1251 
844 624 945 
925 159 1252 
1639 1528 396 
357 765 109 
281 389 618 
444 1590 1529 
1255 927 214 
704 1256 586 
283 770 1633 
837 64 1531 
491 1259 928 
285 26 77 
285 517 626 
708 35 1145 
1353 114 452 
287 55 412 
287 388 627 
1532 1260 520 
118 176 1395 
1173 305 1533 
1099 1610 256 
1262 498 1376 
875 71 1263 
576 44 931 
932 463 715 
418 1551 877 
933 181 967 
782 1534 1264 
294 165 506 
294 537 1143 
1143 74 294 
122 15 208 
466 78 337 
935 360 719 
913 39 1265 
1537 540 1498 
298 174 545 
298 363 617 
299 470 626 
299 578 603 
1692 218 1223 
774 3 1462 
1605 1266 1506 
301 796 597 
1057 775 729 
579 9 939 
941 1268 940 
941 390 819 
304 729 775 
304 775 1540 
942 149 1174 
571 43 943 
484 15 616 
306 945 164 
486 40 309 
736 946 853 
738 16 226 
308 168 187 
307 553 1616 
739 362 27 
1517 269 1360 
310 619 160 
1270 756 13 
678 1541 312 
425 1658 399 
1709 1086 1286 
759 1585 1423 
313 1275 744 
638 447 1486 
314 781 1542 
315 1278 950 
1279 561 1452 
749 34 611 
1280 833 1543 
888 951 542 
952 356 1281 
581 98 921 
475 53 953 
954 504 753 
467 1544 1092 
1629 426 645 
638 1441 496 
321 423 856 
321 100 1546 
322 52 1283 
1547 563 49 
506 165 421 
323 546 573 
219 1612 813 
957 1699 355 
326 1482 358 
1285 836 959 
516 112 915 
960 504 39 
328 961 172 
113 1667 1094 
329 413 588 
329 507 627 
330 773 364 
575 179 962 
1548 1632 1420 
331 803 776 
698 552 153 
94 964 1107 
780 1288 119 
334 1463 1289 
503 188 965 
525 123 1290 
335 544 628 
621 785 594 
336 438 938 
337 788 372 
466 846 296 
966 374 927 
339 83 534 
1631 385 1126 
808 137 988 
341 1470 1292 
342 463 72 
342 160 86 
434 102 940 
343 10 140 
344 1293 847 
565 27 200 
345 1469 1294 
1004 967 631 
1473 1295 152 
968 487 187 
347 1296 834 
348 969 1297 
970 353 1298 
971 354 1299 
236 376 130 
757 972 1370 
632 894 31 
1300 191 1410 
1301 349 973 
1302 192 1384 
1303 350 974 
355 193 107 
957 325 1304 
1720 194 1181 
952 1305 108 
357 195 868 
109 765 613 
358 975 326 
358 976 196 
1052 197 1184 
359 1246 769 
360 978 75 
935 296 846 
361 40 961 
361 450 737 
362 200 27 
362 309 114 
363 201 115 
363 298 41 
364 857 330 
364 773 1186 
1554 1053 1247 
365 775 979 
366 204 43 
1123 1269 1562 
779 1100 826 
1566 920 1677 
1551 1054 877 
1130 314 1714 
878 244 483 
369 1463 1055 
370 123 209 
884 1258 1515 
124 218 620 
786 243 900 
372 17 1334 
372 126 1194 
373 880 528 
1308 677 1229 
966 927 128 
1309 1603 536 
375 1056 1065 
1553 1310 129 
376 985 130 
376 236 532 
377 882 1311 
1057 1020 117 
378 599 132 
1435 1140 1567 
802 986 1291 
480 1554 1247 
380 652 1312 
1059 380 807 
221 135 1522 
135 381 3 
382 653 1545 
382 806 136 
383 987 341 
383 808 988 
683 14 258 
1645 138 943 
385 224 989 
1126 1555 295 
386 88 251 
386 906 814 
709 1656 1355 
387 344 565 
388 228 6 
388 287 143 
389 1208 144 
389 1122 61 
390 230 546 
941 303 1268 
1315 231 1556 
391 1557 1636 
392 1426 1294 
392 1468 1061 
393 789 30 
824 310 1316 
1673 1203 1674 
1062 620 936 
395 991 92 
809 678 1318 
396 1319 700 
1528 926 1716 
797 1686 1558 
1225 1197 1559 
398 896 1295 
1066 1320 993 
399 1430 1321 
511 778 1375 
400 96 995 
400 1660 1543 
401 669 996 
401 888 317 
402 242 997 
1560 1201 1079 
403 68 640 
873 1584 1561 
404 672 255 
1269 1099 482 
893 405 156 
1069 1563 661 
878 483 1445 
1564 424 167 
407 38 977 
1323 1683 1273 
904 1565 1324 
733 1142 963 
409 127 790 
1523 1326 905 
1489 153 87 
886 1447 224 
411 250 16 
411 903 158 
412 143 287 
412 55 906 
413 252 115 
413 329 6 
414 253 144 
999 320 1546 
415 1434 1163 
1073 415 277 
1140 1435 1232 
1568 567 1074 
417 1329 1002 
1330 795 1569 
418 1003 1551 
418 1684 292 
1241 1570 1654 
919 91 1332 
1333 260 1385 
420 1469 1077 
421 686 800 
261 728 819 
422 262 1005 
1334 337 372 
321 856 100 
423 136 537 
424 264 167 
1479 1293 543 
1272 809 702 
1572 1120 916 
645 1589 1379 
168 848 1006 
427 688 917 
918 78 466 
428 1316 1337 
689 428 825 
429 1170 170 
429 190 632 
430 1574 1141 
1575 907 1480 
431 874 1158 
1011 220 1339 
432 187 168 
432 1407 566 
433 273 172 
433 817 88 
434 274 102 
1340 186 580 
1472 18 1341 
1136 56 568 
1342 984 215 
1436 1576 695 
1344 57 1010 
426 532 1577 
1346 1082 1154 
438 336 477 
439 552 698 
1578 1339 1013 
764 1207 542 
1720 12 768 
441 1475 1084 
442 1014 267 
917 889 585 
443 174 468 
701 1015 281 
444 1348 474 
1349 1016 52 
445 1440 1350 
1085 1327 893 
446 704 854 
446 1351 63 
1580 426 1577 
1581 1352 1704 
1543 762 1659 
1582 1497 479 
1088 157 1403 
449 1583 1471 
113 1447 1345 
450 328 26 
451 286 158 
451 670 35 
452 199 65 
1479 898 1614 
887 453 66 
887 286 451 
454 201 871 
454 177 1018 
455 287 178 
455 274 55 
456 36 867 
456 1584 766 
457 710 1019 
457 1222 246 
458 1354 1020 
458 1057 729 
1089 289 811 
1675 1585 759 
1090 147 1426 
1379 1455 1331 
743 291 1587 
1356 980 205 
947 310 490 
910 1076 419 
932 292 1684 
463 342 810 
464 933 293 
878 1445 1142 
295 1555 1361 
523 465 122 
466 717 918 
466 337 846 
1358 112 516 
955 1588 1359 
468 298 76 
468 210 443 
469 252 182 
469 621 76 
470 141 250 
1103 450 626 
1520 184 612 
1269 482 1562 
1466 978 198 
813 1466 1498 
723 119 1362 
927 755 128 
724 150 1590 
1701 80 1244 
475 1021 53 
475 1022 318 
1519 276 1080 
1591 1721 1697 
747 1600 1135 
259 842 1592 
478 186 1268 
1098 729 1291 
1098 801 1023 
1058 54 651 
480 1364 862 
481 901 116 
1418 873 1561 
1708 922 118 
1694 1535 672 
1367 879 126 
1367 126 788 
484 164 208 
944 87 306 
211 1258 884 
486 961 40 
486 309 1025 
487 308 187 
968 347 1368 
739 27 1041 
488 946 1025 
489 264 182 
489 228 90 
490 160 342 
947 206 462 
939 1593 1369 
1594 1297 557 
492 991 235 
492 1370 311 
1608 1595 1213 
1596 1655 702 
714 205 1371 
291 858 828 
495 1026 1373 
495 1115 1374 
238 1416 1219 
1525 1435 1017 
1598 511 1375 
497 930 822 
498 1450 1376 
1262 290 1599 
499 1029 1377 
499 1250 1030 
1031 1378 107 
34 59 698 
962 1111 575 
501 916 1239 
502 1454 1124 
502 1459 1112 
503 1022 188 
503 981 334 
954 319 39 
556 327 845 
792 755 530 
1391 1380 1600 
506 28 294 
1381 819 145 
507 230 178 
507 329 67 
508 103 324 
508 883 651 
851 1702 190 
1601 1382 13 
1233 1116 1002 
510 1383 1034 
118 49 563 
1117 1384 1035 
512 1458 1237 
1385 260 1036 
768 763 1281 
513 976 110 
514 767 1239 
514 1285 37 
1071 1032 248 
676 1602 1257 
1521 394 1483 
516 915 845 
517 183 626 
518 309 40 
518 199 452 
519 774 872 
519 901 673 
1532 1127 1020 
520 1260 1709 
1287 332 1417 
1492 1003 258 
522 780 1386 
522 646 1037 
523 74 465 
650 208 562 
1282 123 370 
1366 1343 1638 
525 1133 1191 
1290 605 1513 
787 1691 1372 
526 485 1024 
30 789 404 
1338 1162 1125 
528 127 1308 
790 1604 1359 
982 440 1083 
755 792 505 
926 1529 1254 
1534 937 408 
531 1064 130 
924 173 351 
532 19 376 
1236 798 1606 
1190 45 949 
534 912 339 
534 83 728 
535 986 863 
535 863 1199 
1609 1168 1505 
658 675 407 
537 294 28 
537 263 423 
538 808 1039 
538 894 662 
539 139 989 
963 1497 1582 
1612 209 722 
1613 772 1461 
541 343 140 
541 55 274 
1393 1145 1083 
951 142 1314 
543 816 996 
898 574 1614 
1327 1502 1160 
1169 169 717 
545 41 298 
545 174 618 
546 145 390 
890 67 1018 
1394 820 1146 
1395 176 1105 
1591 821 956 
741 1271 1396 
549 1470 1397 
549 1397 1615 
550 1152 1398 
550 1027 1399 
551 1473 1251 
1155 1400 1040 
1012 837 1531 
552 306 87 
553 1156 1616 
897 79 1401 
554 834 997 
1617 838 16 
555 975 1402 
555 1205 703 
960 1618 1403 
556 1476 64 
1231 1619 491 
557 1404 1620 
558 66 200 
1353 158 286 
1524 1000 254 
1423 1719 759 
1448 1405 970 
1164 1275 1034 
1406 350 1303 
1279 315 1458 
562 164 21 
650 47 523 
1633 1530 283 
1381 145 323 
564 1041 167 
564 264 489 
565 1041 27 
565 200 387 
566 54 272 
1009 705 1087 
221 1389 36 
135 221 381 
568 864 170 
923 275 694 
569 1042 171 
307 1432 1245 
570 946 90 
570 228 388 
571 777 43 
1093 934 638 
572 856 871 
572 253 414 
573 28 323 
573 890 1018 
1479 1175 406 
256 1610 1209 
575 857 1019 
1111 265 501 
576 858 1043 
828 1624 1196 
577 1028 293 
577 933 967 
578 1044 603 
579 861 1045 
1104 1409 1504 
580 10 343 
581 1046 98 
581 1042 318 
1199 1 1038 
1410 191 1047 
583 1437 1178 
1231 491 928 
868 195 442 
585 229 61 
586 1183 770 
1625 63 1093 
587 639 1005 
1411 112 1185 
588 67 329 
588 115 201 
589 874 979 
589 803 1158 
590 641 693 
590 1296 1247 
591 204 366 
591 909 14 
592 1371 1288 
592 780 1048 
782 1679 1527 
594 76 621 
594 371 210 
1242 920 1438 
595 262 17 
596 184 721 
597 1021 301 
597 985 216 
1198 1412 798 
645 1379 1669 
600 1425 1230 
600 1433 1200 
601 885 988 
24 601 702 
602 88 656 
602 273 433 
603 226 141 
1044 50 89 
604 182 252 
604 6 228 
1290 1513 1626 
754 999 414 
606 102 274 
606 178 230 
607 1429 1414 
1211 1278 1030 
148 1480 907 
732 1415 789 
1248 1706 276 
609 1465 1216 
964 1219 1107 
610 1417 831 
1628 1324 1565 
611 34 153 
1068 96 400 
900 243 1418 
613 1015 11 
1212 852 1449 
1681 1033 271 
615 1453 1289 
1628 783 1494 
853 817 736 
853 143 251 
617 76 298 
617 115 252 
618 701 281 
618 144 253 
619 255 160 
619 310 824 
1309 1390 1603 
936 300 85 
621 424 785 
621 182 264 
622 690 1039 
622 1292 1500 
430 1672 1575 
624 21 945 
1283 1252 839 
1420 1214 1548 
626 183 299 
626 450 285 
627 6 329 
627 178 287 
1133 75 722 
628 717 296 
336 1267 302 
747 338 983 
967 1004 345 
632 31 429 
632 190 972 
1049 1300 353 
1050 1302 354 
635 193 355 
636 356 1421 
636 1180 1539 
637 358 196 
637 1397 62 
1183 1422 1460 
1183 586 1641 
639 166 1005 
639 198 978 
640 202 1187 
640 68 857 
641 365 874 
641 590 1247 
642 367 1362 
642 1288 1371 
643 368 45 
1630 1165 910 
1055 1306 369 
212 1325 524 
372 1642 17 
646 7 1037 
646 214 927 
647 375 1510 
647 1510 84 
648 216 985 
649 217 882 
650 378 47 
650 523 208 
651 54 508 
1424 863 986 
652 1059 1425 
652 220 1312 
653 136 321 
382 1545 1307 
654 383 223 
654 1402 62 
655 1631 79 
655 1206 224 
656 386 814 
656 526 602 
657 200 66 
657 453 1314 
1435 212 1017 
389 229 1208 
659 247 547 
1558 1188 1315 
660 1355 460 
660 1090 1426 
1563 1069 405 
661 1243 1483 
662 137 538 
395 235 991 
663 1063 1427 
663 12 1319 
664 1064 1215 
1548 891 1632 
1484 151 1080 
1518 237 1310 
1218 666 377 
1066 1428 398 
1067 131 493 
667 1430 399 
668 1068 1431 
668 1176 1520 
397 1214 692 
669 241 996 
670 402 35 
670 451 899 
671 403 1418 
671 457 68 
404 255 30 
86 672 1562 
673 85 519 
673 245 405 
674 406 1175 
674 1222 786 
675 38 407 
675 658 247 
1226 408 937 
563 1595 176 
677 409 1228 
1308 373 528 
678 1271 1541 
678 809 92 
679 411 158 
679 452 65 
680 1073 1433 
680 1230 1434 
943 1634 571 
681 1328 1635 
682 257 1329 
683 418 292 
683 384 14 
1363 1210 120 
684 1097 1570 
1077 1333 420 
686 421 165 
686 74 523 
687 1336 265 
687 179 574 
1169 427 169 
688 544 889 
148 1524 254 
1573 1343 1576 
690 31 1039 
690 1095 1170 
803 807 380 
691 1086 1574 
1636 247 659 
1070 1636 1637 
693 155 590 
693 874 431 
694 275 18 
1341 980 1356 
1576 1436 436 
1638 891 1313 
696 1437 583 
696 1344 437 
697 1346 33 
697 1377 278 
1688 1690 716 
59 34 1031 
699 35 402 
1201 155 1079 
700 1084 1639 
700 1347 441 
701 443 1015 
701 618 174 
444 827 1640 
1438 1642 1194 
703 1439 555 
703 1440 445 
704 446 63 
704 586 283 
1641 197 1183 
1087 705 1486 
706 51 448 
1438 920 1442 
1166 1471 1652 
1221 557 1620 
708 451 35 
708 227 453 
1314 453 227 
709 1515 70 
710 457 246 
710 1614 179 
711 288 1354 
712 1089 1675 
712 1261 1128 
713 1090 1443 
713 1376 147 
714 1091 1643 
875 1644 71 
715 463 138 
715 1645 384 
716 181 933 
717 466 296 
717 628 1169 
718 297 1646 
718 731 1647 
719 360 75 
719 335 628 
1718 1648 1317 
1673 1192 1307 
721 213 596 
1360 1652 1517 
722 472 1612 
75 1133 719 
723 214 1386 
1649 367 18 
724 1095 1650 
724 444 474 
725 318 1042 
725 301 1021 
459 1382 276 
1651 1609 849 
727 477 302 
727 1369 1593 
49 1704 1352 
728 83 478 
729 1098 458 
729 304 1291 
730 272 54 
1554 379 802 
1447 1512 1345 
37 1446 481 
732 483 244 
732 789 608 
1166 707 1487 
1653 1390 1162 
734 87 944 
1501 234 1317 
735 1193 225 
1535 779 1123 
736 172 961 
737 470 65 
737 199 361 
738 487 1617 
738 89 848 
739 309 362 
739 564 488 
740 659 1146 
1710 1654 1097 
741 492 311 
741 1147 1271 
1490 176 1595 
742 1499 1655 
743 1091 291 
743 1587 1189 
744 1374 313 
744 1448 105 
745 1276 314 
745 314 1542 
746 290 1443 
1086 1007 1141 
747 983 374 
1657 1450 498 
748 1451 315 
748 1452 106 
749 1031 34 
749 611 154 
750 501 767 
750 481 773 
751 1112 1453 
751 1227 1454 
752 334 1046 
752 318 1022 
753 504 157 
1228 249 677 
754 414 144 
922 1224 1704 
755 505 128 
755 1195 282 
756 1601 13 
104 1081 1060 
104 758 1373 
757 235 894 
277 415 840 
1658 1429 667 
1274 1456 313 
1274 1398 93 
760 1117 1400 
760 1251 1457 
761 1167 561 
761 1458 512 
762 1698 1659 
762 1660 1119 
763 548 1281 
1120 513 110 
1661 1121 1491 
764 542 1393 
765 1122 1015 
1122 357 61 
766 381 221 
1580 692 1589 
767 37 750 
1239 110 1482 
12 513 763 
1347 1181 441 
769 1422 359 
769 1459 502 
770 283 586 
770 1460 515 
771 327 960 
1358 913 1647 
772 1126 1461 
1392 125 1529 
773 116 1186 
773 330 750 
774 85 300 
774 1462 872 
775 365 1540 
775 1057 117 
776 1663 331 
776 589 117 
777 366 43 
777 571 1173 
1664 258 909 
211 884 1549 
1535 1123 1562 
1550 80 473 
780 333 1048 
780 119 1386 
781 368 1551 
781 1277 1542 
464 293 1665 
1679 1666 1552 
1628 121 1324 
783 1289 1463 
784 382 222 
1204 539 1667 
336 302 477 
785 406 674 
786 371 674 
786 11 371 
526 1024 111 
125 444 1529 
788 337 78 
1367 483 879 
1415 244 1100 
1536 416 1695 
1604 127 528 
790 1359 1588 
791 529 249 
792 322 1668 
792 530 52 
1380 505 1668 
1464 101 630 
794 435 1217 
794 1216 1465 
1330 417 1002 
795 1398 1152 
796 130 985 
796 1388 531 
1345 1512 734 
1101 992 1063 
1198 1496 882 
1419 82 629 
1218 1416 238 
1603 1390 1653 
800 534 261 
800 47 378 
801 340 1023 
801 1291 986 
133 1631 295 
1058 1554 480 
803 380 1312 
803 589 776 
804 270 623 
1157 623 1670 
878 902 1671 
479 1168 1582 
806 537 136 
806 382 784 
1284 1209 203 
1366 1234 459 
808 538 137 
808 383 341 
678 92 1396 
809 1272 395 
810 342 86 
810 1408 138 
811 175 1089 
811 1533 1001 
812 539 1204 
720 952 1281 
1144 1613 1674 
1498 1466 870 
814 225 656 
814 55 541 
1372 1204 1667 
1145 1467 227 
816 543 1293 
816 387 142 
817 172 736 
817 251 88 
818 335 1133 
1413 1513 229 
819 390 145 
1381 506 421 
1394 547 146 
820 1444 231 
821 1147 1270 
821 1096 956 
822 930 1675 
493 1711 1549 
823 1148 1468 
823 1294 1469 
824 30 619 
1316 91 1337 
825 892 689 
428 625 1677 
527 1499 1608 
1678 1350 24 
827 282 1640 
827 1349 530 
1500 150 1650 
1292 1470 549 
829 550 1399 
829 1197 1511 
830 1153 1465 
1248 276 1382 
1493 1515 709 
1154 831 1346 
832 1155 1320 
832 1295 1473 
833 1156 1431 
154 316 749 
834 554 1368 
834 590 155 
835 1158 1312 
835 220 1011 
836 1439 156 
836 1285 326 
1700 837 449 
1403 157 504 
1617 16 738 
838 1617 1680 
1252 1283 1016 
839 1474 559 
840 1163 1475 
840 194 277 
841 349 1405 
1221 707 1503 
259 477 684 
1167 1406 561 
844 279 624 
844 306 552 
845 327 516 
845 915 1476 
846 166 935 
846 1334 422 
847 565 344 
847 1564 167 
848 308 487 
848 50 1006 
849 1159 1522 
1651 560 536 
850 1095 474 
850 275 170 
851 568 56 
972 1114 1370 
1266 1449 1506 
1212 614 1681 
787 616 122 
1622 895 531 
854 175 446 
1172 958 1585 
1516 1317 234 
855 1516 1213 
856 572 100 
856 423 177 
857 575 330 
857 364 640 
858 576 828 
858 494 180 
859 577 345 
859 1294 1426 
1508 240 1156 
815 133 1361 
861 579 302 
861 1267 185 
862 272 730 
862 1364 1478 
863 189 582 
720 1572 1571 
864 429 170 
864 568 851 
865 1178 1298 
865 1410 583 
866 106 1299 
866 1302 1384 
867 109 1561 
867 36 195 
868 61 357 
868 442 917 
903 411 1680 
1709 1260 929 
1647 112 1358 
1466 472 978 
871 41 572 
871 177 454 
872 116 519 
1462 3 381 
1187 202 1662 
1672 22 1575 
874 589 1158 
203 1610 1162 
875 714 1371 
875 1263 494 
876 1310 237 
1472 435 694 
1331 1455 1559 
120 231 1444 
1552 207 593 
1690 73 716 
879 1194 126 
1212 1637 1557 
1094 989 1447 
880 373 213 
881 53 1021 
1198 598 1412 
500 793 233 
883 324 189 
883 1424 651 
1203 219 813 
1203 813 1498 
885 601 24 
885 1440 223 
1094 539 989 
886 1432 410 
887 66 286 
887 451 708 
888 1305 317 
888 401 951 
23 1697 948 
1413 544 818 
890 230 507 
890 573 546 
1210 1556 120 
1379 1331 1669 
892 789 393 
892 448 608 
893 156 1085 
893 1327 1563 
894 538 31 
894 632 757 
895 1622 81 
1686 1171 1558 
1295 896 152 
1219 896 238 
897 553 1245 
897 1156 553 
898 241 574 
898 1479 543 
899 451 158 
899 158 903 
900 11 786 
1418 403 873 
901 519 116 
901 1446 245 
49 118 922 
424 1564 406 
1221 1620 1326 
1509 1246 977 
1071 515 1032 
1324 121 1264 
1607 157 1088 
905 1404 1134 
906 251 412 
906 55 814 
907 1538 148 
1676 1464 793 
908 161 1383 
909 591 1598 
1664 1375 778 
1235 206 643 
910 419 919 
911 1148 420 
911 1385 512 
912 132 339 
912 534 800 
1435 1209 212 
261 1381 421 
914 595 64 
914 64 1476 
1238 262 914 
1238 1411 587 
916 501 265 
916 1336 1572 
917 267 427 
917 585 868 
1240 427 1687 
1240 169 427 
919 1241 1337 
1332 462 1235 
1012 1566 1583 
920 1012 1531 
921 171 1042 
921 98 1033 
922 1704 49 
1247 1296 1364 
923 170 275 
923 435 1136 
924 426 1138 
924 351 532 
925 1016 280 
925 1084 1475 
1253 280 1689 
1716 1254 1151 
1255 473 1195 
927 374 646 
928 1259 1481 
1619 1231 1161 
1131 197 1641 
1261 366 1128 
930 497 1598 
931 1075 417 
1547 1352 1507 
932 715 292 
932 72 463 
933 577 293 
933 1688 716 
1691 465 1611 
1691 1204 1372 
935 628 296 
935 166 360 
936 1692 300 
1693 85 1069 
1449 171 1212 
1605 301 569 
938 1267 336 
1419 1606 1412 
939 9 1259 
1369 302 579 
940 1340 434 
940 102 941 
941 819 303 
941 102 390 
1695 1441 1536 
1696 1328 1567 
943 43 1645 
1634 1623 1365 
944 484 734 
944 306 484 
945 306 844 
945 21 164 
946 488 90 
946 570 853 
490 72 1684 
947 462 310 
1273 1697 146 
948 998 1541 
949 1139 533 
1130 45 368 
950 1414 95 
950 1458 315 
951 401 142 
951 1467 542 
669 317 1571 
952 108 1421 
953 188 1022 
1113 409 319 
954 39 504 
1588 1265 319 
133 79 1631 
256 1209 1567 
320 1290 123 
1284 1390 1309 
355 1699 635 
1482 326 514 
958 854 1257 
959 245 1446 
959 405 245 
960 39 771 
1088 1618 1700 
961 328 361 
961 486 736 
256 1328 1488 
962 265 1111 
131 1321 332 
1449 1266 171 
964 1287 1417 
1107 1276 745 
965 8 981 
1391 128 505 
966 747 374 
967 345 577 
967 181 631 
968 187 1478 
1680 554 242 
969 99 1404 
560 849 1223 
970 1301 353 
971 1452 561 
971 1303 354 
352 886 224 
972 1702 1114 
1301 1049 353 
1303 1050 354 
975 358 637 
1159 849 1609 
976 358 1482 
976 513 1427 
977 1184 407 
977 38 1509 
978 360 639 
978 472 75 
979 117 589 
979 874 365 
980 367 642 
1356 461 1703 
981 1055 1463 
981 503 965 
1229 249 529 
982 1560 1011 
983 7 374 
984 1065 1056 
984 1436 151 
985 376 648 
985 597 796 
986 379 1424 
986 535 801 
987 383 654 
987 1470 341 
988 137 601 
988 223 383 
989 224 1447 
989 139 1461 
990 1061 1468 
990 1414 1429 
235 395 662 
991 492 741 
992 1716 1615 
1101 1063 396 
1320 1066 398 
994 1430 33 
994 831 332 
1660 325 1119 
996 241 543 
996 142 401 
997 242 554 
997 155 1201 
1704 1224 1220 
1273 146 547 
999 100 414 
999 605 320 
1000 1163 1434 
1000 1474 159 
1568 416 1536 
1001 446 811 
1116 1233 510 
1002 93 1330 
1003 418 683 
1003 1277 1551 
1004 1077 1469 
1004 631 46 
1005 262 1238 
1005 166 422 
1006 266 168 
1141 270 804 
1008 134 1705 
1008 1230 1425 
266 432 168 
1009 1641 1625 
1344 1495 437 
1011 1339 1578 
1082 1251 1473 
552 439 279 
1608 1499 1595 
1013 1121 1578 
1013 1200 1433 
1014 442 36 
1014 36 1389 
1015 443 11 
1015 613 765 
125 827 444 
625 428 268 
1353 452 679 
1353 286 558 
1018 263 573 
1018 67 454 
1019 179 575 
1019 68 457 
1020 1354 1532 
1020 1057 458 
1021 475 725 
1021 597 881 
1022 475 953 
1022 503 752 
479 1497 805 
125 1349 827 
1025 309 739 
1025 946 736 
1026 1106 105 
1026 1437 1373 
1027 1374 1115 
1027 550 1274 
1028 1450 293 
1028 577 859 
1029 1110 106 
1029 1179 1457 
1030 1250 1211 
1030 1451 499 
233 1668 322 
1031 584 59 
1032 1124 1454 
111 77 26 
1033 1459 271 
1033 614 921 
1275 1164 1448 
1034 1456 510 
1384 1117 1179 
1385 1118 512 
1037 333 522 
1038 340 535 
1039 1292 622 
1039 31 538 
1400 1155 551 
1041 564 739 
1041 565 847 
1042 569 725 
1042 581 921 
1043 44 576 
1044 578 50 
603 89 226 
1045 9 579 
1046 581 752 
1046 1289 1453 
1410 1249 583 
1048 1644 592 
1049 633 1300 
1049 973 2 
1050 634 1302 
1050 974 4 
1051 636 194 
1051 768 356 
1052 1183 197 
1052 977 359 
1053 641 1247 
1053 1554 1540 
1054 206 877 
1054 368 643 
1055 644 1306 
1055 981 8 
1056 215 984 
1056 375 647 
377 649 882 
1267 1419 629 
1058 651 379 
1058 480 730 
1059 652 380 
1621 691 1078 
1636 659 391 
1419 1267 938 
1061 660 392 
1061 990 232 
1062 394 620 
1062 936 1693 
1063 663 396 
1063 992 1182 
1064 236 130 
1064 531 1215 
1065 1484 375 
1065 984 151 
1066 666 1428 
1066 993 20 
1658 667 399 
1586 1477 815 
1068 612 96 
1068 400 1431 
1069 673 405 
1069 661 1693 
1060 1081 437 
1070 38 675 
1071 676 1633 
1071 248 904 
1072 154 611 
1072 153 1489 
1073 680 1434 
1550 473 723 
1074 1635 416 
567 1001 1533 
1075 682 1329 
1075 931 44 
1076 684 419 
1076 910 1165 
1077 685 1333 
1077 1004 46 
1078 691 1574 
1705 1575 1480 
1079 693 431 
1079 431 1560 
1080 695 1519 
1706 609 665 
1081 696 437 
1081 104 1373 
1011 1560 835 
1082 1346 697 
1083 440 1393 
1083 35 699 
1084 700 441 
1084 925 280 
1085 445 1327 
1085 156 1439 
1530 704 283 
704 1530 854 
1087 1486 1581 
1625 1641 1256 
1088 707 1607 
1258 211 778 
1089 712 289 
1089 175 1172 
1090 713 147 
1090 660 460 
1091 494 291 
1643 461 1356 
1092 718 467 
548 763 1120 
1707 394 1648 
394 1707 620 
1685 721 471 
1685 880 213 
1095 724 474 
1095 850 1170 
1096 726 476 
1096 821 13 
162 1665 1657 
1097 684 477 
479 1687 1168 
1098 1023 69 
1099 1488 681 
779 1694 1100 
826 1671 733 
1579 1610 1099 
1489 87 734 
1489 1512 410 
1102 735 225 
1102 140 10 
1103 737 450 
1103 626 470 
1104 1097 727 
1104 1593 1409 
1105 742 312 
1105 998 1395 
1106 744 105 
1106 1026 495 
964 94 1287 
1627 1455 1632 
1108 746 497 
1108 822 1599 
1109 937 1657 
1719 1262 1599 
1110 748 106 
1110 1029 499 
1111 330 575 
1111 501 750 
1112 751 502 
1112 1033 98 
1113 753 1228 
1113 319 954 
1114 756 1370 
1702 851 1153 
1115 32 1399 
1115 495 758 
1116 93 1002 
1116 510 1456 
1117 760 1457 
1117 1035 58 
1118 761 512 
1118 1036 163 
1493 1355 232 
1660 400 995 
1120 110 916 
1569 84 1624 
1661 764 1393 
1121 1013 60 
1122 765 357 
1122 389 281 
1123 779 1125 
12 763 768 
1124 769 502 
1124 1032 1460 
1125 1610 1579 
1633 676 1257 
1126 772 297 
133 1682 79 
1127 117 1020 
1127 520 1663 
1128 289 712 
1128 366 777 
1129 1664 778 
1129 1549 521 
1130 781 314 
1130 949 45 
1509 1681 271 
1665 1450 1657 
1132 783 369 
1494 1666 121 
1133 335 719 
1133 722 1191 
1134 249 1712 
1134 99 791 
1135 630 338 
747 966 1391 
1136 794 56 
1136 568 923 
1137 215 1056 
1137 647 84 
1688 933 464 
437 1629 1060 
1139 1496 1713 
1139 949 1714 
1597 799 1311 
1597 1714 1276 
1141 804 430 
1360 1504 1652 
1701 850 474 
1162 1390 203 
1143 1611 74 
1143 537 806 
1613 1144 540 
1674 812 1192 
1145 227 708 
1145 35 1083 
1188 820 231 
740 391 659 
1147 821 1591 
1147 741 311 
1148 823 420 
1148 911 1237 
1149 527 1678 
1596 809 1318 
1150 1715 805 
1150 1445 78 
1151 1500 549 
150 1151 1254 
1152 215 795 
1152 550 829 
1153 830 509 
1153 851 56 
1472 694 18 
1154 1082 1473 
1155 832 551 
1155 1040 346 
1156 833 1616 
1156 897 1401 
731 718 1646 
616 1372 113 
1158 835 431 
22 1672 1157 
555 326 975 
1159 221 1522 
1502 234 1501 
1678 1327 1350 
1161 707 1166 
1594 1231 928 
233 839 559 
1668 233 1380 
1163 840 415 
1163 1000 159 
1164 841 1405 
1164 1034 1383 
1165 259 1076 
1165 1717 1190 
1166 284 1161 
1166 1652 284 
1167 843 1406 
1167 761 1118 
1582 1651 536 
479 805 1715 
1169 688 427 
1169 628 544 
1170 850 170 
1170 429 690 
1171 852 391 
1686 895 81 
1172 175 854 
1172 1585 1089 
1173 571 305 
1173 811 289 
1695 496 1441 
1174 149 1718 
1175 246 674 
1175 1614 710 
1176 860 471 
1176 668 240 
1177 1366 459 
863 883 189 
1178 865 583 
1178 1026 105 
511 497 1322 
1179 1029 106 
1180 108 1207 
277 60 1073 
1181 840 441 
194 1720 1051 
1182 196 1063 
1182 1615 1397 
111 602 526 
638 1486 705 
1220 869 1704 
1184 977 1052 
1185 198 1411 
870 731 1537 
1186 202 364 
1186 116 872 
1187 403 640 
1187 1584 873 
1560 982 699 
384 1645 204 
1189 461 743 
1189 129 1310 
1717 643 45 
1190 533 842 
1191 123 525 
1191 722 209 
1192 222 1307 
1203 1673 219 
1193 526 656 
1193 735 485 
706 1194 879 
1642 595 17 
1195 80 1640 
1195 755 1255 
1196 129 1587 
1438 706 1242 
1197 1399 32 
1573 1627 1343 
1198 217 598 
1198 798 1496 
1199 582 1 
920 1531 1442 
1200 652 600 
1200 1013 1339 
1201 402 997 
982 1011 1578 
1202 613 900 
1202 1561 109 
219 370 209 
1674 1203 1144 
1204 222 812 
1177 695 1576 
1205 223 1440 
1205 555 1402 
1206 79 897 
1206 352 224 
1207 888 542 
1207 764 1180 
1208 754 144 
229 389 61 
1591 1697 23 
1721 1591 956 
1210 1514 1556 
1210 1363 1638 
1211 607 1278 
1211 33 1430 
51 732 608 
51 879 483 
1213 1516 1608 
1213 563 1547 
1214 1335 1514 
1214 1420 692 
664 397 692 
1215 531 895 
1216 1518 609 
1216 794 237 
1217 237 794 
1217 435 1472 
1218 238 1428 
799 377 1311 
238 896 1428 
1219 964 610 
1220 1131 869 
154 1616 1280 
903 242 899 
242 903 1680 
1222 674 246 
1222 457 671 
1223 1522 1692 
1325 124 524 
1224 407 1184 
1323 658 1683 
1509 38 1070 
1086 42 1007 
1226 904 408 
1226 29 676 
1227 751 615 
1628 1494 121 
1228 1523 1712 
1228 409 1113 
1229 677 249 
1229 529 1387 
1230 680 600 
1230 1008 254 
148 254 1480 
1538 500 559 
1232 149 942 
1567 1328 256 
1233 908 1383 
1233 1002 1329 
1548 1514 1313 
1542 521 1711 
1235 462 206 
1235 643 1630 
1236 533 1713 
1592 1606 938 
1237 911 512 
1237 950 95 
1238 587 1005 
1238 914 1476 
1239 916 110 
1239 1482 514 
1687 427 267 
1240 1715 918 
1241 919 419 
1241 1654 269 
1242 825 1677 
1242 706 448 
1243 661 1563 
622 1500 1650 
1244 1526 1701 
1649 1550 1362 
1670 623 101 
623 1157 804 
1246 271 1459 
1246 359 977 
84 1196 1624 
1554 802 1540 
276 1706 1080 
1248 1601 830 
1249 696 583 
1249 1047 57 
1250 33 1211 
1250 499 1377 
1251 760 551 
1251 1082 278 
1252 159 1474 
625 1517 1677 
1253 1528 1639 
1689 1016 1349 
1254 1529 1590 
1716 992 1101 
1255 214 473 
1255 755 927 
1256 704 63 
1625 705 1009 
1257 1530 1633 
958 1423 1585 
837 1012 449 
1258 1322 70 
1259 491 939 
1259 9 1481 
1260 288 929 
1690 1357 73 
1261 1598 591 
1261 712 930 
1262 713 290 
759 822 1675 
1263 180 494 
1264 408 1324 
1264 1666 1679 
1265 39 319 
1265 1588 1544 
1266 569 171 
1449 852 1171 
1267 629 185 
1539 1180 1491 
1268 303 478 
1268 186 1340 
692 1420 1589 
490 1684 947 
1270 13 821 
1270 311 756 
1271 678 1396 
1271 23 948 
1272 137 395 
1672 430 804 
1273 948 1697 
1273 547 1323 
1274 313 1027 
1274 550 1398 
1275 313 1456 
1325 218 124 
1714 949 1130 
42 1086 1709 
1277 781 1551 
1277 1003 1492 
1278 315 1451 
1278 607 1414 
1279 748 315 
1279 761 561 
1280 1659 316 
1616 154 307 
1281 356 768 
952 720 317 
1282 1545 1546 
1545 1282 48 
1283 52 1016 
322 839 233 
1698 355 107 
957 1698 762 
1285 959 1446 
1285 514 326 
1286 1663 520 
1709 929 42 
1287 94 493 
1603 963 536 
1288 780 592 
1288 642 119 
1289 783 615 
1289 1046 334 
1290 320 605 
1626 818 525 
1291 801 1098 
1291 304 802 
828 1196 1587 
1292 1039 341 
1293 344 816 
1293 1479 1564 
1294 823 392 
1294 859 345 
1295 832 398 
152 896 610 
1296 347 1364 
1296 590 834 
1297 969 1404 
1297 928 348 
1298 353 865 
1298 105 970 
1299 354 866 
1299 106 1452 
1300 865 353 
1300 633 191 
1301 973 1049 
1301 970 1405 
1302 866 354 
1302 634 192 
1303 974 1050 
1303 971 1406 
1304 5 1699 
1305 952 317 
1305 888 1207 
1306 1552 1132 
1306 644 207 
1307 222 382 
1549 1067 493 
1308 1387 373 
1308 127 677 
1284 1325 212 
747 1391 1600 
1553 375 665 
1310 876 1189 
1311 882 1496 
377 799 1218 
1312 220 835 
1312 1158 803 
1662 381 766 
381 1662 1462 
1314 227 1467 
1314 142 387 
797 397 895 
1188 740 1146 
1316 310 91 
1316 689 824 
1243 1521 1483 
1317 1516 1718 
1318 312 742 
702 1655 1149 
1319 396 663 
1319 12 1347 
1320 398 832 
1320 346 993 
1321 994 332 
1231 1594 1161 
1322 497 746 
1493 1658 425 
1323 547 247 
1323 247 658 
1565 248 1227 
1324 408 904 
239 1309 536 
937 29 1226 
1326 753 157 
1326 1620 905 
1418 1202 900 
352 1245 886 
1696 942 1695 
1209 1610 203 
1329 417 1075 
1329 257 1233 
417 1569 931 
1330 93 795 
1684 418 877 
1331 758 1669 
1332 91 462 
1332 910 919 
1333 911 420 
1333 685 260 
1334 17 422 
1334 846 337 
669 1571 97 
1335 1556 1514 
1336 916 265 
1336 687 97 
1337 91 919 
1338 779 826 
268 428 1337 
1677 920 1242 
1339 220 1200 
1578 440 982 
1340 343 434 
1340 940 1268 
1341 18 980 
1341 1356 1703 
1342 215 1152 
1511 436 1436 
1573 436 1197 
807 1621 1059 
1344 1010 1495 
1344 696 1249 
1392 1349 125 
1577 532 236 
1346 994 33 
438 259 1592 
1347 12 1720 
1347 700 1319 
1348 444 1640 
1348 1701 474 
1349 52 530 
1689 1392 1253 
1350 885 24 
1678 1502 1327 
1351 446 1001 
1060 1629 645 
1547 1507 855 
563 176 118 
1353 558 114 
1513 605 754 
1354 458 711 
1354 288 1532 
1656 746 1443 
1355 660 1061 
1356 205 1643 
1703 876 1217 
1357 593 73 
1357 1527 1679 
1358 516 771 
1358 771 913 
1604 790 127 
1604 880 1685 
668 612 1068 
1520 471 721 
1682 860 1401 
1555 297 1092 
1362 119 642 
1550 1649 1244 
259 438 477 
1177 459 1519 
1364 480 1247 
1364 347 1478 
1365 1485 1634 
1708 1683 658 
86 1562 810 
1694 672 404 
1445 805 1142 
1445 1367 788 
1368 347 834 
1368 1617 968 
1369 727 302 
1369 579 939 
1370 492 757 
1370 756 311 
1371 205 642 
1371 1644 875 
1606 1592 1236 
291 494 858 
277 1491 60 
1373 758 495 
1374 1027 313 
1374 744 495 
778 511 1322 
1375 909 1598 
1376 1028 147 
1376 713 1262 
1377 1029 278 
1377 697 1250 
1378 1031 749 
1378 1659 1698 
1604 1685 1477 
556 1618 327 
1380 1391 505 
1338 826 733 
1381 323 506 
1381 261 819 
1601 509 830 
1382 726 13 
1383 510 1233 
1383 161 1164 
1384 1179 866 
1384 192 1035 
1385 1036 1118 
1385 911 1333 
1386 119 723 
1386 214 522 
1387 25 373 
1388 1605 1622 
1388 796 301 
1389 1505 1014 
1389 221 1159 
1701 1348 80 
913 467 1647 
1611 784 1691 
1611 465 74 
1498 540 1144 
540 1646 772 
1393 440 1661 
1393 542 1467 
1394 659 547 
1394 146 1721 
998 948 1273 
922 1708 658 
678 312 1318 
1396 92 991 
1397 987 62 
1397 637 1182 
1398 795 93 
759 1599 822 
1399 1027 1115 
1679 1552 1357 
1400 551 760 
1400 58 1040 
1401 79 1682 
1401 1508 1156 
1402 975 62 
1402 654 1205 
1618 556 1700 
1403 504 960 
1404 557 1297 
1404 99 1134 
1405 1448 1164 
1405 349 1301 
1406 971 561 
1406 843 350 
1407 103 566 
1408 1623 138 
1623 1408 482 
1409 1593 491 
1504 1619 284 
1410 1047 1249 
1410 865 1300 
1411 198 587 
1411 915 112 
1412 598 82 
1412 82 1419 
1707 524 124 
1413 889 544 
1414 990 95 
1414 950 1278 
1415 732 244 
1415 404 789 
1416 1276 1107 
1416 799 1597 
1417 610 964 
1417 332 831 
1418 243 671 
1327 1160 1563 
1212 171 614 
1557 1637 1636 
692 1580 664 
1016 925 1252 
1421 356 952 
1421 108 636 
1422 1183 1052 
1422 769 1124 
882 217 1198 
649 377 666 
1424 379 651 
1424 883 863 
1425 134 1008 
1425 600 652 
1426 147 859 
1426 392 660 
1427 196 976 
1427 513 663 
1428 666 1218 
1428 896 398 
1429 232 990 
1429 607 667 
1430 667 1211 
1430 994 1321 
1431 400 833 
1431 240 668 
1432 154 1072 
1432 307 154 
1433 60 1013 
1433 600 680 
1434 254 1000 
1434 415 1073 
687 574 97 
687 962 179 
1436 695 151 
1511 984 1342 
1437 696 1081 
1437 1026 1178 
425 131 1067 
702 601 1272 
1439 703 1085 
1439 836 555 
1440 703 1205 
1440 885 1350 
1093 705 1625 
1695 942 1174 
1442 1642 1438 
1442 64 595 
1443 460 1656 
1443 290 713 
476 1234 1363 
1444 820 1721 
1445 788 78 
1694 404 1100 
1446 37 1285 
1446 901 481 
22 1676 1538 
122 465 787 
1448 744 1275 
1448 970 105 
94 1711 493 
1449 1171 81 
1657 937 162 
1450 1028 1376 
1451 748 499 
1451 1030 1278 
1452 748 1279 
1452 971 1299 
1453 98 1046 
1453 615 751 
1454 248 1032 
1454 502 751 
1331 32 758 
1455 1379 1632 
1456 1274 1116 
1456 1034 1275 
1457 278 1029 
1457 1179 1117 
1458 761 1279 
1458 950 1237 
1459 769 1246 
1459 1033 1112 
1460 770 1183 
1460 1032 515 
1461 385 989 
1461 139 1613 
3 774 300 
1462 202 872 
1463 334 981 
1463 369 783 
1464 630 1135 
1464 1676 1670 
1465 609 830 
1465 56 794 
1466 813 472 
1466 198 870 
1467 1145 1393 
1467 951 1314 
1468 95 990 
1468 392 823 
1469 345 1004 
1469 420 823 
828 576 1624 
1470 987 1397 
152 831 1154 
610 896 1219 
1472 1341 1703 
831 994 1346 
1473 152 1154 
1473 551 832 
1474 839 1252 
1474 1000 1524 
1475 159 925 
1475 441 840 
1476 915 1238 
1476 556 845 
1586 1361 955 
1682 815 860 
1478 347 968 
1478 187 862 
1513 1413 1626 
1479 406 1564 
1480 254 1008 
1575 1705 1078 
1481 348 928 
1482 110 976 
958 1602 1423 
1483 1062 661 
1243 1160 1502 
1484 1065 151 
1484 1080 1706 
1485 305 1634 
1485 681 1635 
459 726 1382 
447 638 496 
1487 1088 1700 
1487 1471 1166 
1361 1544 955 
1488 1328 681 
1489 410 1072 
1060 645 1669 
1490 1105 176 
1490 1499 742 
1491 1121 60 
1491 277 1539 
1492 521 1277 
1492 258 1664 
1652 1583 1517 
464 1527 1690 
1494 1132 1666 
1628 1227 615 
1495 1138 437 
1495 1010 173 
131 425 1321 
1496 798 1713 
1497 1142 805 
963 1582 536 
1498 1144 1203 
1498 870 1537 
1499 1149 1655 
1149 1499 527 
1500 1151 150 
1243 1502 1501 
734 484 616 
734 616 1345 
1502 527 234 
1501 1648 1521 
1503 1161 1594 
1221 1326 1607 
1504 284 1652 
1710 1360 1654 
1505 267 1014 
1505 1389 1609 
1266 1605 569 
1506 1449 81 
1507 1174 855 
1507 1352 447 
1508 1176 240 
1508 1401 860 
1131 1220 197 
1131 1087 869 
1510 1196 84 
1510 375 1553 
1511 1197 436 
1511 1436 984 
1512 1489 734 
1512 1447 886 
1413 229 889 
1208 1513 754 
1514 1548 1214 
1335 397 797 
878 1142 902 
1258 778 1322 
1516 855 1718 
1516 234 1608 
1214 397 1335 
1420 1632 1589 
1518 1216 237 
1518 1310 1553 
934 1351 1001 
1245 1206 897 
1520 1176 471 
1520 721 184 
1521 1243 1501 
805 1445 1150 
1522 1223 849 
567 305 1074 
1523 753 1326 
1523 905 1712 
1524 559 1474 
1524 148 1538 
1140 1232 942 
1525 1648 1718 
1526 18 275 
1526 850 1701 
1527 464 782 
437 1138 1629 
1528 1253 926 
1528 1716 1101 
1269 1579 1099 
1529 926 1392 
1530 1257 854 
1225 1559 1455 
1531 64 1442 
1012 920 1566 
1532 520 1127 
1532 288 1260 
1533 305 567 
1533 811 1173 
1534 782 162 
1534 408 1264 
731 1185 112 
122 616 15 
913 1265 467 
913 771 39 
731 870 1185 
1537 731 1646 
218 936 620 
218 560 1223 
302 1267 861 
1539 194 636 
1540 365 1053 
1540 802 304 
1541 1271 948 
1541 1105 312 
1542 1277 521 
1542 94 745 
1543 833 400 
1419 938 1606 
1544 467 1265 
1544 1555 1092 
1545 48 1307 
1545 653 1546 
1282 1546 320 
1546 653 321 
1547 855 1213 
500 1538 1676 
331 1286 691 
331 691 1621 
1549 1129 211 
884 1515 425 
1550 723 1362 
1517 625 269 
120 476 1363 
1551 368 1054 
1552 1306 207 
1552 593 1357 
1553 129 1510 
1553 665 1518 
1554 1058 379 
84 1569 1137 
1555 1126 297 
1555 1544 1361 
1556 231 120 
1556 797 1315 
1557 391 852 
1557 852 1212 
1558 1171 391 
1188 1146 820 
1559 1197 32 
1559 32 1331 
1560 431 835 
1560 699 1201 
1561 456 867 
1561 1202 1418 
1562 482 1408 
1579 1123 1125 
1563 405 893 
1563 1160 1243 
1564 847 1293 
902 733 1671 
1565 904 248 
1565 1227 1628 
1550 1244 80 
277 194 1539 
1562 1408 810 
239 1284 1309 
1568 1074 416 
1093 638 705 
1569 795 1137 
931 1569 1624 
1570 419 684 
1570 1097 1654 
720 1571 317 
720 1281 548 
1572 1336 1571 
1572 548 1120 
1316 428 689 
1573 1197 1225 
1574 430 1078 
1574 1086 1141 
1575 1078 430 
1672 804 1157 
1576 436 1573 
695 1177 1519 
1577 236 1064 
797 1558 1315 
1578 1121 440 
1188 1558 740 
1327 445 1350 
1125 1162 1610 
934 1001 567 
934 1093 1351 
1581 869 1087 
1581 447 1352 
1582 1609 1651 
1438 1194 706 
154 1280 316 
1471 1583 1652 
1584 456 1561 
1584 1187 1662 
958 1172 854 
1423 29 1109 
1658 232 1429 
425 399 1321 
1587 291 828 
1587 129 1189 
1588 955 1544 
1588 319 790 
1586 955 1359 
1361 1586 815 
1590 150 1254 
1590 444 724 
1591 23 1147 
956 476 1444 
1592 842 1236 
1592 938 438 
1593 939 491 
1593 1104 727 
1594 557 1503 
1594 928 1297 
1595 1499 1490 
1595 563 1213 
1596 702 809 
1596 1318 742 
1597 1311 1139 
1597 1139 1714 
930 1598 1261 
1598 497 511 
1599 290 1108 
1719 1109 498 
1600 793 1135 
1391 966 128 
1679 782 1264 
1601 756 1114 
1602 676 29 
1602 958 1257 
131 1287 493 
1287 131 332 
1604 528 880 
1604 1477 1586 
1605 1388 301 
937 1534 162 
1606 798 1412 
1372 616 787 
1190 949 533 
1607 1326 157 
1199 863 582 
1199 1038 535 
1609 1389 1159 
1609 1582 1168 
1099 256 1488 
1579 1269 1123 
295 1631 1126 
797 1556 1335 
1612 472 813 
1612 219 209 
1613 139 1674 
1613 540 772 
1614 574 179 
1614 1175 1479 
1615 1182 992 
1615 1151 549 
1616 833 1280 
1638 1627 891 
1617 487 968 
1617 1368 1680 
1618 960 327 
1618 1088 1403 
1619 1161 284 
1619 1409 491 
1620 1404 905 
557 1221 1503 
1538 907 22 
500 1676 793 
1622 531 1388 
81 1622 1506 
1623 482 1365 
1623 943 138 
1624 576 931 
1569 417 1330 
1625 1256 63 
1009 1087 1131 
1626 1413 818 
1626 525 1290 
1107 1219 1416 
1471 1487 449 
1628 615 783 
1608 234 527 
560 1651 849 
536 560 239 
1630 910 1235 
1630 643 1717 
1631 655 385 
133 295 1361 
1632 891 1627 
1676 22 1157 
1633 515 1071 
515 1633 770 
1634 943 1623 
1634 305 571 
1635 1328 1696 
1635 1074 1485 
797 895 1686 
1636 1070 247 
1580 1589 645 
1509 1637 1681 
1638 1313 1210 
1638 1363 1366 
1639 280 1253 
1639 396 700 
1640 282 1195 
1640 80 1348 
1641 586 1256 
1641 1009 1131 
1642 1442 595 
1325 239 560 
1643 1091 461 
1643 205 714 
1644 1371 592 
1644 1048 71 
1645 715 138 
1645 43 204 
1646 297 772 
1646 540 1537 
1647 731 112 
1647 467 718 
1648 1525 1707 
1648 1501 1317 
1649 18 1526 
1649 1362 367 
1650 1095 622 
1650 150 724 
1096 476 956 
476 120 1444 
1445 483 1367 
244 878 1671 
826 1100 1671 
1603 733 963 
740 1558 391 
1570 1241 419 
1676 1157 1670 
1655 1596 742 
70 1322 746 
1656 460 1355 
1657 498 1109 
1665 782 464 
1627 1638 1343 
1627 1225 1455 
1659 1378 316 
1659 1280 1543 
1660 762 1543 
1660 995 325 
1661 1180 764 
1661 440 1121 
1662 766 1584 
1662 202 1462 
1663 776 1127 
1663 1286 331 
1664 909 1375 
1664 1129 1492 
1665 293 1450 
1665 162 782 
1666 1264 121 
1666 1132 1552 
113 1094 1447 
1667 113 1372 
1668 505 792 
500 233 559 
1669 104 1060 
1669 758 104 
1670 101 1464 
1621 134 1059 
902 1142 733 
1671 1100 244 
809 395 92 
1272 601 137 
1673 1307 48 
1673 370 219 
1674 139 812 
1674 1192 1673 
1675 930 712 
1675 1089 1585 
1067 1549 884 
1109 29 937 
269 268 1241 
1677 825 428 
1678 24 1149 
70 746 1656 
1601 1248 1382 
1399 1197 829 
1680 1368 554 
1680 411 838 
1681 614 1033 
1212 1681 1637 
815 1477 860 
815 1682 133 
1683 998 1273 
1683 1708 1395 
1684 877 947 
1684 72 932 
1220 1224 1184 
1094 1667 539 
1600 1380 793 
1686 81 1171 
1687 267 1505 
1687 479 1715 
1138 426 1629 
1138 173 924 
1689 280 1016 
1253 1392 926 
496 1174 1507 
1709 1286 520 
1691 787 465 
1691 784 1204 
1692 936 218 
1692 135 300 
1693 661 1062 
1693 936 85 
1225 1627 1573 
1366 1363 1234 
1695 416 1696 
1695 1174 496 
1696 1140 942 
1696 416 1635 
1502 1678 527 
1697 1721 146 
1698 107 1378 
355 1698 957 
1699 957 1304 
1699 5 635 
1700 556 837 
1700 449 1487 
733 1603 1653 
747 1135 338 
1702 972 190 
1702 1153 509 
1703 461 1189 
1703 1217 1472 
1704 869 1581 
1708 118 1395 
1705 134 1078 
1705 1480 1008 
1706 665 1484 
1706 1248 609 
1245 1432 886 
1707 1017 524 
1365 681 1485 
1365 482 1099 
998 1105 1541 
1395 998 1683 
1355 1493 709 
957 762 1119 
1711 521 1549 
1711 94 1542 
1712 249 1228 
1712 905 1134 
1713 798 1236 
1713 533 1139 
1140 1696 1567 
1714 314 1276 
1715 1150 918 
1715 1240 1687 
1716 1151 1615 
1716 926 1254 
1717 1165 1630 
1717 45 1190 
1718 149 1525 
1718 855 1174 
860 1176 1508 
860 1477 471 
1720 1181 1347 
1720 768 1051 
1721 956 1444 
212 524 1017 
KNPR
1 1 0 1 1 0 1 1 1 1 
0 0 0 0 0 0 0 0 1 1 
1 0 0 0 1 0 0 0 0 0 
0 0 0 0 0 0 0 0 0 0 
0 1 0 1 0 1 0 0 0 1 
0 0 1 0 0 0 1 1 1 0 
0 0 0 0 0 0 0 0 1 0 
1 0 1 0 0 0 1 0 0 0 
0 1 1 0 0 0 0 0 0 0 
0 0 0 0 0 1 0 0 1 0 
1 0 1 0 0 0 0 0 0 0 
0 0 0 0 0 0 0 0 0 0 
0 0 0 0 0 0 0 0 0 0 
0 1 0 0 0 0 0 0 0 0 
0 0 0 0 0 0 0 0 0 0 
0 0 0 0 0 0 0 0 0 0 
1 0 1 0 0 0 0 0 0 0 
0 0 1 0 0 0 0 0 0 1 
1 0 1 1 1 1 0 1 1 0 
1 1 1 0 0 0 0 0 0 0 
0 0 0 0 0 0 1 0 0 0 
0 0 0 0 0 1 1 0 0 0 
0 0 0 0 0 0 0 0 0 0 
0 0 0 0 0 0 0 0 0 0 
0 0 0 0 0 0 0 0 0 0 
0 0 0 0 0 0 1 0 0 1 
0 0 0 0 0 1 0 0 0 1 
0 0 0 0 0 0 0 0 1 0 
0 0 0 0 0 0 0 1 0 0 
0 0 0 0 0 0 0 0 0 0 
0 0 0 0 0 0 0 0 0 0 
0 0 0 0 0 0 0 0 0 0 
0 0 0 1 1 0 0 0 0 0 
0 0 1 0 0 0 0 1 1 1 
0 0 0 0 0 1 0 1 1 1 
1 0 0 0 0 0 0 0 0 0 
0 0 0 0 0 0 0 0 0 0 
0 0 0 0 0 0 0 0 0 0 
0 0 0 0 0 0 0 0 0 0 
0 0 0 0 0 0 0 0 0 0 
0 0 0 0 0 0 0 0 0 0 
0 0 0 0 0 0 0 0 0 0 
0 0 0 0 0 0 0 0 0 0 
0 0 0 0 0 0 0 0 1 0 
0 0 0 0 0 0 0 0 0 0 
0 0 0 0 0 0 0 0 0 0 
0 0 0 0 0 0 0 0 0 0 
0 0 0 0 0 0 0 1 0 0 
0 0 0 0 1 0 0 0 0 0 
0 0 0 0 0 0 0 0 0 0 
0 0 0 0 0 0 0 0 0 0 
0 0 0 0 0 0 1 0 0 0 
0 0 0 0 0 0 0 0 1 0 
0 0 0 0 0 0 0 0 0 0 
0 0 0 0 0 0 0 0 0 0 
0 0 0 0 0 0 0 0 0 0 
0 0 0 0 0 0 0 0 0 0 
0 0 0 0 0 0 0 1 0 1 
0 1 0 1 0 0 0 0 0 0 
0 0 1 0 0 1 0 1 1 0 
0 0 0 0 0 0 0 0 0 0 
0 1 0 0 0 0 0 0 0 0 
0 0 1 1 0 0 0 0 1 1 
1 0 1 1 1 0 0 0 0 0 
0 0 0 1 0 0 0 1 1 0 
0 0 0 0 0 0 0 0 0 0 
0 0 0 0 0 0 0 0 0 0 
0 0 0 0 0 0 0 0 0 0 
0 1 0 0 1 0 0 0 0 0 
0 0 0 0 0 0 0 0 0 0 
0 0 0 0 0 0 0 0 0 0 
1 0 0 0 0 1 0 0 0 0 
0 0 0 0 0 0 0 0 0 0 
0 0 0 0 1 0 0 0 0 0 
0 0 0 0 0 0 0 0 0 0 
0 0 0 0 0 0 0 0 0 0 
0 0 0 0 0 0 0 0 0 0 
0 0 0 0 0 0 0 0 0 0 
0 0 0 0 0 0 0 0 0 0 
1 0 0 0 0 0 0 0 0 0 
0 0 0 0 0 0 0 0 0 0 
0 0 0 0 0 0 0 0 0 0 
0 0 0 0 0 0 0 0 0 0 
0 0 0 0 0 0 0 0 0 0 
1 0 1 0 0 0 0 0 0 0 
0 0 0 0 0 0 0 0 0 0 
0 0 0 0 0 0 0 0 0 0 
0 0 0 0 0 0 0 0 0 0 
1 0 0 0 0 0 0 0 0 0 
0 0 0 0 0 0 0 0 0 0 
0 0 0 0 0 0 0 1 0 0 
0 0 0 0 0 0 0 0 0 0 
0 0 0 0 0 0 0 0 1 0 
0 0 0 0 0 0 0 0 0 0 
0 0 0 0 0 0 0 0 0 0 
0 0 1 0 0 0 0 0 0 0 
0 0 0 0 1 0 0 0 1 0 
0 0 1 1 0 0 0 0 0 0 
0 0 1 0 0 0 0 0 0 0 
0 0 1 0 1 0 0 0 0 0 
0 0 0 0 0 1 1 0 0 1 
0 0 0 0 0 0 0 0 0 0 
0 0 1 1 0 0 0 0 0 0 
0 0 0 0 1 1 1 1 0 1 
0 0 1 0 1 0 1 1 0 0 
0 0 0 0 0 0 0 0 0 0 
0 0 0 0 0 0 0 0 0 0 
0 0 0 0 0 0 0 0 0 0 
0 0 0 0 0 0 0 0 0 0 
0 0 0 0 0 0 0 0 0 0 
0 0 0 0 0 0 0 0 0 0 
0 0 0 0 0 0 0 0 0 0 
0 0 0 0 0 0 0 0 0 0 
0 0 0 0 0 0 0 0 0 0 
0 0 0 0 0 0 0 0 0 0 
0 0 0 0 0 0 0 0 0 0 
0 0 0 0 0 0 0 0 0 0 
0 0 0 0 0 0 0 0 0 0 
0 0 0 0 0 0 0 0 0 0 
0 0 0 0 0 0 0 0 0 0 
0 0 0 0 0 0 0 0 0 0 
0 0 0 0 0 0 0 0 0 0 
0 0 0 0 0 0 0 0 0 0 
0 0 0 0 0 0 0 0 0 0 
0 0 0 0 0 0 0 0 0 0 
0 0 0 0 0 0 0 0 0 0 
0 0 1 0 0 0 0 0 0 0 
0 0 0 0 0 0 0 0 0 0 
0 0 0 0 0 0 0 0 0 0 
0 0 0 0 0 0 0 0 0 0 
0 0 0 1 0 0 0 0 0 0 
0 0 0 0 0 0 0 0 0 0 
0 0 0 0 0 0 0 0 0 0 
0 0 0 0 0 0 0 0 0 0 
0 0 0 0 0 0 0 0 0 0 
0 0 0 0 0 0 0 0 0 0 
0 0 0 0 0 0 0 0 0 0 
0 0 0 0 0 0 0 0 0 0 
0 0 0 0 0 0 1 0 0 0 
0 0 0 0 0 0 0 0 0 0 
0 0 0 0 0 0 1 0 0 0 
0 0 0 0 0 0 0 0 0 0 
0 0 0 0 0 0 0 0 0 0 
0 0 0 0 0 0 0 0 0 0 
0 0 0 0 0 0 0 0 0 0 
0 0 0 0 0 0 0 0 0 0 
0 0 0 0 0 0 0 0 0 0 
0 0 0 0 0 0 0 0 0 0 
1 0 0 0 0 0 0 0 0 0 
0 0 0 0 0 0 0 0 0 0 
0 0 0 0 0 0 0 0 0 0 
0 0 0 0 0 0 0 0 0 0 
0 0 0 0 0 0 0 0 0 0 
0 0 0 0 0 0 0 0 0 0 
0 0 0 0 0 0 0 0 0 0 
0 0 0 0 0 0 0 0 0 0 
0 0 0 0 0 0 0 0 0 0 
0 0 0 0 0 0 0 0 0 0 
0 0 0 0 0 0 0 0 0 0 
0 0 0 0 0 0 0 0 0 0 
0 0 0 0 0 0 0 0 0 0 
0 0 0 0 0 0 0 0 0 0 
0 0 0 0 0 0 0 0 0 0 
0 0 0 0 0 0 0 0 0 0 
0 0 0 0 0 0 0 0 0 0 
0 0 0 0 0 0 0 0 0 0 
0 0 0 0 0 0 0 0 0 0 
0 0 0 0 0 0 0 0 0 0 
0 0 0 0 0 0 0 0 0 0 
0 0 0 0 0 0 0 0 0 0 
0 0 0 0 0 0 0 0 0 0 
0 0 0 0 0 0 0 0 0 0 
0 KMM
     1    6
