1244
0.000000e+00 0.000000e+00 1 
5.040447e-01 4.387780e-01 0 
1.000000e+00 0.000000e+00 1 
6.094983e-01 1.114933e-01 0 
0.000000e+00 1.000000e+00 1 
1.000000e+00 5.504798e-01 1 
6.535000e-01 0.000000e+00 1 
5.000006e-01 1.000000e+00 1 
0.000000e+00 5.536788e-01 1 
4.019961e-01 0.000000e+00 1 
7.560364e-01 2.015645e-01 0 
2.794159e-01 2.579971e-01 0 
7.726326e-01 7.112774e-01 0 
2.185752e-01 7.099865e-01 0 
5.149563e-01 0.000000e+00 1 
1.000000e+00 3.022572e-01 1 
1.928425e-01 0.000000e+00 1 
7.560506e-01 1.000000e+00 1 
0.000000e+00 7.802541e-01 1 
7.870895e-01 4.393760e-01 0 
4.293748e-01 1.937699e-01 0 
4.697193e-01 7.336866e-01 0 
2.601711e-01 4.502305e-01 0 
5.848140e-01 8.480380e-01 0 
8.159500e-01 0.000000e+00 1 
0.000000e+00 2.895031e-01 1 
1.000000e+00 7.814134e-01 1 
2.431875e-01 1.000000e+00 1 
8.657834e-01 1.138868e-01 0 
1.327143e-01 1.123600e-01 0 
8.769292e-01 8.452898e-01 0 
5.566691e-01 6.787088e-01 0 
8.927788e-01 6.191116e-01 0 
4.923526e-01 1.067637e-01 0 
3.531853e-01 5.861977e-01 0 
3.271835e-01 3.355294e-01 0 
5.907101e-01 2.111892e-01 0 
6.135479e-01 4.535824e-01 0 
6.665083e-01 2.436997e-02 0 
1.189409e-01 3.679030e-01 0 
4.625211e-01 8.380352e-01 0 
1.135921e-01 6.269468e-01 0 
3.418740e-01 8.486617e-01 0 
5.795313e-01 0.000000e+00 1 
8.800682e-01 3.759383e-01 0 
9.174911e-01 8.933086e-01 0 
1.000000e+00 1.662896e-01 1 
6.903000e-02 0.000000e+00 1 
8.750000e-01 1.000000e+00 1 
0.000000e+00 9.002468e-01 1 
7.578693e-01 5.928698e-01 0 
3.808105e-01 1.579661e-01 0 
5.530327e-01 6.232486e-01 0 
2.163555e-01 3.392230e-01 0 
5.479909e-01 1.638197e-01 0 
5.571653e-01 3.325150e-01 0 
7.959106e-01 9.585761e-02 0 
4.177900e-01 3.889385e-01 0 
1.232305e-01 2.289347e-01 0 
6.390299e-01 7.166431e-01 0 
1.000000e+00 6.657319e-01 1 
1.234489e-01 5.010155e-01 0 
3.681250e-01 1.000000e+00 1 
5.316023e-01 5.619928e-02 0 
1.000000e+00 4.254798e-01 1 
8.501967e-01 6.857090e-01 0 
6.306875e-01 1.000000e+00 1 
1.052314e-01 7.418835e-01 0 
7.620312e-01 3.268197e-01 0 
6.545567e-01 2.356230e-01 0 
4.213045e-01 6.645927e-02 0 
3.222403e-01 5.144876e-01 0 
6.615399e-01 7.226320e-02 0 
8.960305e-01 7.216942e-01 0 
1.940567e-01 8.505221e-01 0 
8.768089e-01 2.462109e-01 0 
8.863026e-01 0.000000e+00 1 
0.000000e+00 1.485526e-01 1 
7.369968e-01 8.490537e-01 0 
1.000000e+00 8.982519e-01 1 
1.233625e-01 1.000000e+00 1 
8.831894e-01 5.001306e-01 0 
4.840674e-01 5.729195e-01 0 
7.390000e-01 0.000000e+00 1 
0.000000e+00 4.287476e-01 1 
5.056129e-01 8.534680e-01 0 
0.000000e+00 6.867207e-01 1 
9.803028e-01 6.499510e-01 0 
9.154535e-01 6.980067e-02 0 
4.633318e-02 4.936822e-02 0 
5.031799e-01 2.894564e-01 0 
6.416578e-01 5.067579e-01 0 
8.180928e-01 5.378577e-01 0 
3.843497e-01 1.057462e-01 0 
3.060170e-01 6.204572e-01 0 
2.999450e-01 3.916457e-01 0 
5.245533e-01 2.224307e-01 0 
6.128489e-01 2.837508e-01 0 
7.826712e-01 3.653635e-02 0 
4.149059e-01 2.763297e-01 0 
5.469536e-02 3.303272e-01 0 
6.318438e-01 9.038228e-01 0 
9.437194e-01 5.846534e-01 0 
5.831937e-02 5.896156e-01 0 
4.451453e-01 8.872579e-01 0 
5.819337e-01 6.233703e-02 0 
9.392963e-01 3.374996e-01 0 
2.834328e-01 1.632510e-01 0 
6.806077e-01 9.497897e-01 0 
1.694630e-01 6.657301e-01 0 
5.555388e-01 6.527953e-01 0 
8.188899e-01 2.871280e-01 0 
4.329358e-01 1.335404e-01 0 
8.393835e-01 6.020077e-01 0 
4.426809e-01 7.859266e-01 0 
1.879994e-01 4.012966e-01 0 
8.895046e-01 7.476083e-01 0 
6.931039e-01 2.870396e-02 0 
8.019156e-01 1.575648e-01 0 
1.630577e-01 1.685648e-01 0 
9.418759e-01 8.111112e-01 0 
1.532284e-01 7.834762e-01 0 
8.482908e-01 5.308660e-02 0 
1.600372e-01 5.627453e-02 0 
5.714418e-02 1.914834e-01 0 
8.311613e-01 8.987395e-01 0 
5.194019e-02 8.165759e-01 0 
1.552360e-01 9.481494e-01 0 
8.333938e-01 7.403011e-01 0 
4.569231e-01 0.000000e+00 1 
5.531761e-01 1.105373e-01 0 
4.027120e-01 6.376595e-01 0 
5.288881e-01 6.411704e-01 0 
3.868147e-01 4.884665e-01 0 
6.501174e-01 1.810499e-01 0 
5.363362e-01 3.957189e-01 0 
6.976122e-01 3.754247e-01 0 
5.781694e-01 5.092057e-01 0 
7.433864e-01 1.396460e-01 0 
1.707493e-01 2.787647e-01 0 
6.152800e-02 4.631299e-01 0 
5.648726e-01 9.250054e-01 0 
1.834809e-01 5.479749e-01 0 
5.911085e-02 7.073421e-01 0 
3.112309e-01 9.019253e-01 0 
8.198796e-01 4.163954e-01 0 
2.713123e-01 5.384750e-02 0 
9.370417e-01 2.056802e-01 0 
4.110598e-01 6.997379e-01 0 
5.458319e-01 8.101884e-01 0 
9.487142e-01 6.906341e-01 0 
9.414873e-01 4.622398e-01 0 
3.410648e-01 0.000000e+00 1 
1.000000e+00 1.028833e-01 1 
3.757431e-01 8.939291e-01 0 
9.368750e-01 1.000000e+00 1 
0.000000e+00 9.503369e-01 1 
6.287905e-01 4.809567e-01 0 
3.534107e-01 6.358202e-01 0 
2.431748e-01 3.940713e-01 0 
4.809897e-01 1.759769e-01 0 
5.576557e-01 2.691241e-01 0 
3.879250e-01 3.331016e-01 0 
6.003088e-02 2.610948e-01 0 
6.090948e-01 5.612963e-01 0 
1.000000e+00 6.070632e-01 1 
6.072503e-02 5.276200e-01 0 
4.343144e-01 1.000000e+00 1 
1.000000e+00 3.657745e-01 1 
2.234154e-01 1.710863e-01 0 
6.933275e-01 1.000000e+00 1 
1.591945e-01 7.239094e-01 0 
5.589997e-01 7.057803e-01 0 
7.598905e-01 2.641665e-01 0 
6.661275e-01 5.891281e-01 0 
3.626911e-01 3.855030e-01 0 
1.886446e-01 4.755206e-01 0 
1.081156e-01 1.630488e-01 0 
2.608739e-01 7.598922e-01 0 
6.769948e-01 4.448342e-01 0 
8.757993e-01 1.798216e-01 0 
2.188439e-01 5.744356e-02 0 
5.647372e-02 1.178832e-01 0 
8.030929e-01 8.445411e-01 0 
1.000000e+00 8.378127e-01 1 
5.192489e-02 7.594647e-01 0 
1.818750e-01 1.000000e+00 1 
8.883332e-01 5.589457e-01 0 
8.205929e-01 6.959031e-01 0 
2.347144e-01 6.520429e-01 0 
4.164647e-01 5.836704e-01 0 
2.956180e-01 2.814595e-01 0 
4.469116e-01 4.449335e-01 0 
4.751422e-01 3.925982e-01 0 
7.647865e-01 3.896950e-01 0 
5.315509e-01 4.921462e-01 0 
6.984861e-01 1.857125e-01 0 
1.661862e-01 3.404417e-01 0 
6.109677e-02 3.976927e-01 0 
5.294710e-01 7.497645e-01 0 
5.603577e-01 8.695295e-01 0 
2.479557e-01 5.223032e-01 0 
5.478487e-02 6.505891e-01 0 
2.915723e-01 8.514581e-01 0 
7.641428e-01 8.989586e-01 0 
8.810901e-01 4.387395e-01 0 
8.789961e-01 3.117963e-01 0 
3.370162e-02 3.538670e-01 0 
3.714276e-01 2.186812e-01 0 
1.000000e+00 2.355628e-01 1 
1.000737e-01 5.361224e-02 0 
8.124474e-01 1.000000e+00 1 
5.410237e-02 8.752891e-01 0 
3.463063e-01 4.654447e-01 0 
2.788244e-01 6.988859e-01 0 
7.939617e-02 8.329507e-01 0 
5.861312e-01 3.898379e-01 0 
6.081651e-01 6.208465e-01 0 
2.018798e-01 2.325440e-01 0 
5.493210e-01 5.914906e-01 0 
1.000000e+00 7.227383e-01 1 
1.175753e-01 5.657988e-01 0 
3.062500e-01 1.000000e+00 1 
1.000000e+00 4.882764e-01 1 
5.659094e-01 1.000000e+00 1 
6.784607e-01 3.014853e-01 0 
6.903935e-01 1.259526e-01 0 
3.629907e-01 5.306789e-02 0 
6.959780e-01 4.655115e-01 0 
9.433799e-01 8.737056e-01 0 
1.027976e-01 9.157447e-01 0 
9.329532e-01 1.369153e-01 0 
0.000000e+00 7.619375e-02 1 
8.915855e-01 9.084937e-01 0 
1.000000e+00 9.678183e-01 1 
6.296125e-02 1.000000e+00 1 
8.230321e-01 4.779448e-01 0 
1.159766e-01 3.006576e-01 0 
0.000000e+00 3.597540e-01 1 
7.973109e-01 6.382024e-01 0 
6.588293e-01 7.752001e-01 0 
6.738058e-01 2.076410e-01 0 
9.428783e-01 5.234264e-01 0 
0.000000e+00 6.166467e-01 1 
6.093695e-01 8.241720e-01 0 
5.111899e-01 9.072375e-01 0 
5.813808e-01 1.196236e-01 0 
9.400416e-01 4.004222e-01 0 
9.384560e-01 2.726999e-01 0 
2.521083e-01 1.121183e-01 0 
4.437276e-01 5.223742e-01 0 
7.201844e-01 9.481922e-01 0 
1.101918e-01 6.862845e-01 0 
4.574054e-01 6.710682e-01 0 
6.966640e-01 6.578869e-01 0 
8.148651e-01 2.221098e-01 0 
8.207416e-01 3.515294e-01 0 
4.952097e-01 8.002483e-01 0 
8.088436e-01 5.651321e-01 0 
1.239798e-01 4.342040e-01 0 
1.920641e-01 1.128636e-01 0 
9.460951e-01 7.516400e-01 0 
9.768644e-02 7.909953e-01 0 
2.151193e-01 7.974059e-01 0 
1.302941e-01 0.000000e+00 1 
0.000000e+00 2.210030e-01 1 
0.000000e+00 8.438295e-01 1 
2.076776e-01 9.133042e-01 0 
0.000000e+00 4.945806e-01 1 
4.236377e-01 8.024898e-01 0 
2.572089e-01 0.000000e+00 1 
9.526048e-01 9.408563e-01 0 
4.855119e-02 9.494521e-01 0 
7.203938e-01 7.386155e-01 0 
4.488008e-01 9.651927e-01 0 
2.371752e-01 5.865417e-01 0 
5.103371e-01 6.897793e-01 0 
6.424246e-01 4.021327e-01 0 
3.019716e-01 8.024004e-01 0 
8.705453e-02 3.148658e-01 0 
4.528276e-01 6.195223e-01 0 
9.241031e-01 6.756476e-01 0 
3.880893e-01 4.399585e-01 0 
7.203701e-01 4.235112e-01 0 
5.157549e-01 5.257918e-01 0 
6.761129e-01 8.345036e-01 0 
7.101657e-01 2.407306e-01 0 
2.528585e-01 8.794180e-01 0 
4.090805e-01 8.249439e-01 0 
8.531672e-01 9.515587e-01 0 
8.469604e-01 6.532902e-01 0 
7.118957e-01 5.139068e-01 0 
3.312340e-01 1.770280e-01 0 
3.189243e-01 7.443918e-01 0 
2.692840e-01 3.362147e-01 0 
9.724645e-01 5.719563e-02 0 
4.662985e-01 2.337516e-01 0 
3.838556e-01 5.377577e-01 0 
5.954237e-01 7.522632e-01 0 
5.024466e-01 6.307233e-01 0 
3.405878e-01 9.454130e-01 0 
6.073399e-01 9.485623e-01 0 
1.989843e-01 7.667676e-01 0 
6.283805e-01 3.448137e-01 0 
3.417022e-01 4.339783e-01 0 
1.699286e-01 6.030493e-01 0 
7.734894e-01 7.814133e-01 0 
2.767770e-01 8.207913e-01 0 
6.640701e-01 3.575232e-01 0 
6.940229e-01 8.923017e-01 0 
1.554843e-01 8.931938e-01 0 
8.885191e-01 7.780850e-01 0 
9.068725e-01 9.590318e-01 0 
1.000000e+00 6.863574e-02 1 
2.938041e-01 5.679004e-01 0 
5.054812e-01 3.545719e-01 0 
3.540202e-01 2.783556e-01 0 
7.143812e-01 7.928446e-01 0 
6.893837e-01 4.115679e-01 0 
3.884945e-01 7.611720e-01 0 
6.450662e-01 6.617654e-01 0 
7.925867e-01 9.439865e-01 0 
6.028674e-01 6.851982e-01 0 
4.493318e-01 3.373019e-01 0 
2.322471e-01 2.843431e-01 0 
8.873353e-01 8.793120e-01 0 
2.692394e-01 9.421499e-01 0 
5.098914e-01 4.677721e-01 0 
9.685450e-01 2.408317e-02 0 
6.342550e-01 7.998460e-01 0 
9.746154e-01 9.709904e-01 0 
2.295240e-02 9.711495e-01 0 
7.949100e-01 4.677461e-01 0 
4.337711e-01 1.000988e-01 0 
3.190668e-01 6.650144e-01 0 
2.867487e-01 4.245067e-01 0 
5.343902e-01 1.917174e-01 0 
5.732065e-01 2.428121e-01 0 
8.152703e-01 4.711369e-02 0 
4.374022e-01 3.075747e-01 0 
2.833474e-02 3.078615e-01 0 
6.343229e-01 6.030363e-01 0 
9.714360e-01 5.668742e-01 0 
2.960555e-02 5.715800e-01 0 
4.652813e-01 1.000000e+00 1 
5.847556e-01 3.101957e-02 0 
9.694992e-01 3.194464e-01 0 
2.351657e-01 1.972004e-01 0 
7.077517e-01 9.756099e-01 0 
1.355118e-01 7.049654e-01 0 
5.179516e-01 7.196372e-01 0 
7.874269e-01 2.434947e-01 0 
7.319511e-01 2.841916e-01 0 
4.060141e-01 1.468071e-01 0 
7.115958e-01 6.891648e-01 0 
6.980080e-01 3.358581e-01 0 
3.135592e-01 3.625987e-01 0 
2.257664e-01 4.256371e-01 0 
5.138431e-01 7.951780e-02 0 
6.951789e-01 7.280229e-02 0 
7.805753e-01 1.799869e-01 0 
1.468738e-01 2.000259e-01 0 
9.171102e-01 7.651058e-01 0 
1.598976e-01 8.411068e-01 0 
8.431084e-01 1.986471e-01 0 
8.528050e-01 0.000000e+00 1 
2.078493e-01 2.903686e-02 0 
5.745862e-02 1.542057e-01 0 
8.372413e-01 8.461598e-01 0 
9.711193e-01 7.959267e-01 0 
2.574455e-02 7.992377e-01 0 
2.125313e-01 1.000000e+00 1 
9.151418e-01 5.408208e-01 0 
8.051197e-01 7.262647e-01 0 
4.161215e-01 3.120002e-02 0 
5.109628e-01 1.325519e-01 0 
2.648022e-01 6.417492e-01 0 
7.554021e-01 8.729580e-01 0 
3.372327e-01 2.540436e-01 0 
4.322302e-01 4.171272e-01 0 
6.218839e-01 2.275900e-01 0 
5.177416e-01 4.136349e-01 0 
7.333592e-01 3.772410e-01 0 
5.497702e-01 5.177618e-01 0 
7.211491e-01 1.644036e-01 0 
6.940000e-01 0.000000e+00 1 
1.165960e-01 3.345477e-01 0 
3.053993e-02 4.457033e-01 0 
4.810357e-01 7.656729e-01 0 
6.163830e-01 8.574187e-01 0 
2.193387e-01 4.981017e-01 0 
2.614191e-02 6.611769e-01 0 
3.156866e-01 8.307863e-01 0 
4.207073e-01 8.602251e-01 0 
6.320748e-01 6.878211e-02 0 
8.517653e-01 4.585391e-01 0 
9.085252e-01 2.921296e-01 0 
2.815037e-01 2.247370e-02 0 
3.774113e-01 1.877723e-01 0 
9.679408e-01 1.854328e-01 0 
1.136928e-01 8.447030e-02 0 
8.437472e-01 1.000000e+00 1 
8.003479e-02 8.638363e-01 0 
8.652923e-01 6.069514e-01 0 
7.202974e-01 4.541730e-01 0 
2.993737e-01 1.378953e-01 0 
3.746896e-01 6.704520e-01 0 
3.936306e-01 9.168923e-01 0 
2.024151e-01 3.712596e-01 0 
4.520599e-01 2.410249e-02 0 
4.583070e-01 1.517083e-01 0 
5.653497e-01 1.392490e-01 0 
5.971573e-01 4.233277e-01 0 
8.300790e-01 1.067560e-01 0 
7.654959e-01 8.533565e-02 0 
4.807900e-01 2.065512e-01 0 
3.383966e-01 5.511054e-01 0 
8.935218e-02 2.106706e-01 0 
1.518143e-01 2.548819e-01 0 
6.056351e-01 7.165751e-01 0 
5.184972e-01 5.813136e-01 0 
9.743300e-01 6.773913e-01 0 
9.249447e-02 4.815477e-01 0 
1.535622e-01 5.223783e-01 0 
3.222363e-01 9.710406e-01 0 
5.790647e-01 9.200837e-02 0 
5.438125e-01 0.000000e+00 1 
9.705477e-01 4.440168e-01 0 
2.090245e-01 1.415115e-01 0 
2.343966e-01 8.504234e-02 0 
6.000031e-01 1.000000e+00 1 
1.882944e-01 7.163743e-01 0 
8.155082e-02 7.239898e-01 0 
7.921056e-01 3.710417e-01 0 
5.742984e-01 3.590863e-01 0 
6.450313e-01 2.924939e-01 0 
3.433127e-01 7.845646e-02 0 
4.611284e-01 5.695722e-02 0 
3.565064e-01 4.964334e-01 0 
1.415009e-01 6.460330e-01 0 
7.699846e-01 8.447035e-01 0 
9.158699e-01 6.285131e-01 0 
9.060974e-02 3.825764e-01 0 
6.685978e-01 3.892259e-01 0 
9.037964e-01 1.586796e-01 0 
8.497537e-01 3.316349e-01 0 
8.914518e-01 9.289254e-02 0 
5.510515e-02 8.122071e-02 0 
7.052527e-01 8.397174e-01 0 
9.452782e-01 9.068543e-01 0 
7.353318e-02 9.255000e-01 0 
9.106693e-01 4.193190e-01 0 
4.162717e-01 4.985635e-01 0 
7.368338e-01 5.648140e-01 0 
7.351700e-01 3.236290e-02 0 
6.132292e-02 3.642809e-01 0 
4.775309e-01 8.662305e-01 0 
5.359937e-01 8.891163e-01 0 
8.606993e-02 6.081748e-01 0 
3.104589e-01 0.000000e+00 1 
8.564956e-02 2.648793e-02 0 
9.285967e-01 9.513942e-01 0 
1.000000e+00 9.314170e-01 1 
2.462303e-02 9.149419e-01 0 
9.316188e-02 1.000000e+00 1 
8.527386e-01 5.222223e-01 0 
5.819588e-01 5.390844e-01 0 
3.570266e-01 1.375078e-01 0 
2.484683e-01 7.045418e-01 0 
5.787108e-01 6.063098e-01 0 
5.300327e-01 3.102985e-01 0 
7.795000e-01 0.000000e+00 1 
8.047284e-01 7.886594e-01 0 
4.859750e-01 3.688619e-01 0 
8.858138e-02 2.799783e-01 0 
1.309221e-01 9.032973e-01 0 
5.027194e-01 4.992658e-01 0 
2.834146e-01 8.827020e-01 0 
4.546988e-01 9.255395e-01 0 
9.095815e-01 3.563792e-01 0 
5.552606e-01 2.169117e-01 0 
2.123339e-01 5.659543e-01 0 
5.061205e-01 6.607225e-01 0 
6.568745e-01 6.916177e-01 0 
8.476279e-01 2.666860e-01 0 
7.903876e-01 3.072651e-01 0 
7.178778e-01 6.304424e-01 0 
7.707678e-01 6.786298e-01 0 
4.741765e-01 8.145453e-01 0 
3.978941e-01 7.930107e-01 0 
1.508222e-01 3.863724e-01 0 
5.038497e-01 2.221301e-02 0 
8.385268e-01 7.142732e-01 0 
9.108231e-01 8.275800e-01 0 
1.295117e-01 7.623362e-01 0 
1.842531e-01 7.911415e-01 0 
1.754936e-01 8.453956e-02 0 
1.454943e-01 2.795134e-02 0 
3.128492e-02 2.436818e-01 0 
8.632624e-01 9.024428e-01 0 
7.407595e-01 9.218827e-01 0 
1.078813e-01 8.168013e-01 0 
2.670982e-02 8.592594e-01 0 
1.822776e-01 9.297853e-01 0 
5.998153e-01 1.448300e-01 0 
4.292249e-01 6.572312e-01 0 
3.771201e-01 6.139798e-01 0 
2.850087e-01 2.254023e-01 0 
3.972520e-01 2.426524e-01 0 
2.838962e-01 1.091245e-01 0 
2.932064e-01 4.809359e-01 0 
5.967588e-01 1.783772e-01 0 
1.194273e-01 1.395198e-01 0 
4.326225e-01 3.624859e-01 0 
5.955931e-01 4.824395e-01 0 
6.601766e-01 1.204508e-01 0 
1.746092e-01 3.068840e-01 0 
2.177538e-01 2.569792e-01 0 
3.047726e-02 5.098444e-01 0 
6.532099e-01 9.250666e-01 0 
8.682288e-01 6.613947e-01 0 
2.991947e-01 5.942199e-01 0 
2.694429e-02 7.396750e-01 0 
3.599635e-01 9.193220e-01 0 
2.365440e-01 9.261468e-01 0 
8.503781e-01 3.958657e-01 0 
9.065839e-01 2.258742e-01 0 
2.503045e-01 7.923407e-01 0 
5.400229e-01 7.791099e-01 0 
9.223495e-01 7.066519e-01 0 
9.124150e-01 4.808258e-01 0 
8.647074e-01 7.911479e-01 0 
9.646034e-01 1.153055e-01 0 
3.451500e-02 0.000000e+00 1 
9.059375e-01 1.000000e+00 1 
2.573114e-01 3.662041e-01 0 
5.900392e-01 3.035660e-01 0 
5.144525e-01 2.542345e-01 0 
3.742427e-01 3.596857e-01 0 
3.719100e-01 3.051031e-01 0 
6.863602e-01 7.497576e-01 0 
7.491865e-01 7.254560e-01 0 
9.737381e-01 6.238732e-01 0 
8.990769e-02 5.463645e-01 0 
3.884816e-01 9.705413e-01 0 
9.698967e-01 3.825400e-01 0 
6.621875e-01 1.000000e+00 1 
5.817155e-01 6.669815e-01 0 
4.214597e-01 7.476528e-01 0 
4.615480e-01 7.023779e-01 0 
3.632491e-01 4.426019e-01 0 
1.562040e-01 4.542430e-01 0 
1.483044e-01 1.400352e-01 0 
8.597904e-01 7.579628e-01 0 
4.581013e-01 4.690759e-01 0 
0.000000e+00 1.142774e-01 1 
9.712419e-01 8.552721e-01 0 
7.503846e-02 7.771074e-01 0 
1.392033e-01 9.727077e-01 0 
8.285022e-01 6.702425e-01 0 
1.999991e-01 6.553627e-01 0 
4.060566e-01 5.590393e-01 0 
3.112133e-01 3.082527e-01 0 
7.667683e-01 4.203079e-01 0 
7.323582e-01 2.212117e-01 0 
0.000000e+00 3.929834e-01 1 
9.194536e-02 4.157842e-01 0 
5.535616e-01 8.388348e-01 0 
2.728711e-01 5.464291e-01 0 
8.190512e-02 6.686844e-01 0 
9.770471e-01 8.768891e-02 0 
3.694725e-01 8.448173e-01 0 
2.926843e-01 7.908466e-02 0 
9.689174e-01 2.536594e-01 0 
7.841019e-01 1.000000e+00 1 
7.799638e-01 6.170593e-01 0 
9.732947e-01 7.373186e-01 0 
1.434895e-01 5.851957e-01 0 
2.747188e-01 1.000000e+00 1 
9.712414e-01 5.059028e-01 0 
5.312503e-01 1.000000e+00 1 
6.359623e-01 3.748274e-01 0 
8.753493e-01 6.843023e-01 0 
0.000000e+00 3.809688e-02 1 
4.474981e-01 2.490281e-01 0 
6.230844e-01 5.342526e-01 0 
7.415962e-01 7.869022e-01 0 
2.023411e-01 8.808674e-01 0 
5.446795e-01 9.460715e-01 0 
7.988620e-01 8.968162e-01 0 
5.963371e-01 9.149647e-01 0 
2.910467e-01 7.520996e-01 0 
0.000000e+00 1.837810e-01 1 
0.000000e+00 7.178224e-01 1 
2.473617e-02 6.852303e-01 0 
4.760021e-01 6.255407e-01 0 
6.472952e-01 4.517910e-01 0 
8.226053e-01 9.486371e-01 0 
8.833307e-01 9.544735e-01 0 
6.788239e-01 5.144907e-01 0 
2.294158e-01 7.648607e-01 0 
1.000000e+00 3.368185e-02 1 
6.664731e-01 8.071081e-01 0 
9.684375e-01 1.000000e+00 1 
0.000000e+00 9.751684e-01 1 
7.943699e-01 4.958349e-01 0 
4.086776e-01 1.193326e-01 0 
3.289772e-01 6.353338e-01 0 
2.562335e-01 4.187377e-01 0 
5.051563e-01 1.983345e-01 0 
5.427748e-01 2.457122e-01 0 
8.039991e-01 2.152489e-02 0 
6.471405e-01 4.668625e-02 0 
2.962813e-02 2.753447e-01 0 
6.058519e-01 5.910106e-01 0 
1.000000e+00 5.787715e-01 1 
3.015826e-02 5.409600e-01 0 
4.824282e-01 9.760002e-01 0 
5.561433e-01 4.608604e-02 0 
1.000000e+00 3.340158e-01 1 
2.563886e-01 1.735308e-01 0 
7.394978e-01 9.750561e-01 0 
1.318147e-01 7.332305e-01 0 
5.364540e-01 6.973693e-01 0 
7.586247e-01 2.325677e-01 0 
7.609027e-01 2.957658e-01 0 
3.816487e-01 1.295176e-01 0 
6.996542e-01 7.199810e-01 0 
3.422991e-01 3.653949e-01 0 
2.231138e-01 4.624134e-01 0 
4.870483e-01 7.016365e-02 0 
6.792125e-01 5.011040e-02 0 
7.511426e-01 1.710040e-01 0 
1.161737e-01 1.939751e-01 0 
4.023928e-01 4.676305e-01 0 
1.303907e-01 8.379505e-01 0 
8.750554e-01 2.127064e-01 0 
8.368058e-01 2.497285e-02 0 
1.898752e-01 5.671547e-02 0 
2.802927e-02 1.681256e-01 0 
8.523096e-01 8.739880e-01 0 
1.000000e+00 8.096130e-01 1 
2.593735e-02 7.691959e-01 0 
2.271717e-01 9.749213e-01 0 
8.859419e-01 5.279712e-01 0 
7.942980e-01 6.968588e-01 0 
4.280669e-01 0.000000e+00 1 
5.252556e-01 1.075095e-01 0 
2.985597e-01 6.437751e-01 0 
4.680570e-01 5.971759e-01 0 
3.246959e-01 2.800504e-01 0 
4.174465e-01 4.423098e-01 0 
9.736450e-01 0.000000e+00 1 
4.906226e-01 4.171378e-01 0 
7.416380e-01 4.076699e-01 0 
1.448142e-01 2.893436e-01 0 
1.439152e-01 3.209639e-01 0 
6.749419e-01 5.412337e-01 0 
4.992499e-01 7.423410e-01 0 
6.127791e-01 8.859737e-01 0 
2.152884e-01 5.323262e-01 0 
5.126297e-02 6.828327e-01 0 
4.098466e-01 8.897806e-01 0 
6.401283e-01 9.778275e-02 0 
8.819600e-01 4.696337e-01 0 
8.780922e-01 2.792295e-01 0 
3.520963e-01 2.529903e-02 0 
2.159867e-01 6.009362e-01 0 
1.000000e+00 2.009262e-01 1 
1.298015e-01 5.579591e-02 0 
8.629670e-01 9.770025e-01 0 
5.304592e-02 8.462230e-01 0 
8.720460e-01 6.346959e-01 0 
7.019924e-01 4.385646e-01 0 
5.143438e-01 1.646400e-01 0 
3.303051e-01 1.417406e-01 0 
4.015947e-01 6.684430e-01 0 
6.838658e-01 5.656937e-01 0 
1.746922e-01 3.726120e-01 0 
2.447293e-01 3.427491e-01 0 
4.509270e-01 1.770829e-01 0 
5.822851e-01 4.559692e-01 0 
5.975716e-01 2.342684e-01 0 
8.227105e-01 7.541381e-02 0 
7.616222e-01 1.138207e-01 0 
9.040121e-01 3.398901e-02 0 
3.554052e-01 5.273841e-01 0 
9.120482e-02 2.448543e-01 0 
1.487572e-01 2.281597e-01 0 
5.759028e-01 7.286114e-01 0 
5.247648e-01 6.104977e-01 0 
1.000000e+00 6.941099e-01 1 
9.180901e-02 5.142209e-01 0 
1.478910e-01 5.551208e-01 0 
3.554035e-01 9.717006e-01 0 
5.487139e-01 7.917772e-02 0 
5.309828e-01 2.713566e-02 0 
1.000000e+00 4.568781e-01 1 
1.942003e-01 1.694604e-01 0 
2.452083e-01 5.945781e-02 0 
6.193717e-01 9.749018e-01 0 
2.099576e-01 7.385046e-01 0 
7.834046e-02 7.503274e-01 0 
7.628951e-01 3.585418e-01 0 
5.908462e-01 3.316084e-01 0 
6.345127e-01 2.602456e-01 0 
6.919995e-01 1.566744e-01 0 
3.734024e-01 8.117890e-02 0 
4.372205e-01 4.574517e-02 0 
3.262568e-01 4.834988e-01 0 
1.424139e-01 6.153645e-01 0 
7.047653e-01 9.905424e-02 0 
6.139500e-01 4.491628e-02 0 
7.849021e-01 8.716603e-01 0 
9.289560e-01 6.475899e-01 0 
7.315808e-01 8.505241e-02 0 
8.735800e-01 1.463053e-01 0 
8.796246e-01 3.440114e-01 0 
8.567621e-01 8.382326e-02 0 
7.106239e-02 5.184003e-02 0 
6.962407e-01 8.122438e-01 0 
8.204154e-01 8.173745e-01 0 
9.716678e-01 8.856630e-01 0 
4.727539e-02 9.259424e-01 0 
8.585696e-01 5.776715e-01 0 
8.804819e-01 4.075442e-01 0 
4.117237e-01 5.292784e-01 0 
7.377329e-01 5.063627e-01 0 
7.578175e-01 2.519355e-02 0 
8.842362e-02 3.487722e-01 0 
4.491358e-01 8.608796e-01 0 
5.069573e-01 8.790083e-01 0 
8.424340e-02 6.385414e-01 0 
9.267577e-01 1.036859e-01 0 
9.143190e-01 0.000000e+00 1 
2.751278e-02 9.758691e-02 0 
9.125245e-01 9.303996e-01 0 
9.745303e-01 9.158408e-01 0 
2.638469e-02 8.876075e-01 0 
1.101006e-01 9.725286e-01 0 
8.526931e-01 4.895912e-01 0 
8.238516e-01 5.837981e-01 0 
3.544129e-01 1.096681e-01 0 
2.256351e-01 6.806348e-01 0 
3.211958e-01 5.757957e-01 0 
2.849760e-01 3.641375e-01 0 
5.773866e-01 5.739299e-01 0 
5.659286e-01 1.876086e-01 0 
5.303324e-01 3.387480e-01 0 
7.072049e-01 3.041138e-01 0 
7.527465e-01 5.706851e-02 0 
5.058917e-01 3.871293e-01 0 
1.679775e-01 5.753338e-01 0 
3.106665e-02 3.802167e-01 0 
1.073173e-01 8.827810e-01 0 
9.164860e-01 6.001233e-01 0 
9.434685e-01 5.538959e-01 0 
8.776421e-02 5.775609e-01 0 
2.902748e-02 6.021144e-01 0 
2.621871e-01 8.531052e-01 0 
6.790541e-01 9.192527e-01 0 
6.124375e-01 0.000000e+00 1 
4.586782e-01 2.950842e-01 0 
9.396714e-01 3.691505e-01 0 
9.389282e-01 3.053762e-01 0 
7.274947e-01 8.155257e-01 0 
3.484371e-01 1.975227e-01 0 
4.440282e-01 5.716880e-01 0 
2.378934e-01 6.207148e-01 0 
1.391707e-01 6.760730e-01 0 
1.929331e-01 5.845567e-01 0 
4.840826e-01 6.814474e-01 0 
6.721252e-01 6.688065e-01 0 
8.172896e-01 2.547323e-01 0 
8.200047e-01 3.193250e-01 0 
4.442838e-01 7.601543e-02 0 
4.294352e-01 1.620382e-01 0 
7.504472e-01 6.238631e-01 0 
7.741441e-01 6.485173e-01 0 
4.500253e-01 8.116544e-01 0 
3.797881e-01 8.161914e-01 0 
1.552749e-01 4.193135e-01 0 
2.303058e-01 3.668347e-01 0 
7.168821e-01 4.993619e-02 0 
8.205227e-01 1.357997e-01 0 
8.108174e-01 1.904604e-01 0 
9.438009e-01 7.810634e-01 0 
9.416096e-01 8.418808e-01 0 
1.246220e-01 7.885813e-01 0 
1.743014e-01 7.669030e-01 0 
8.820261e-01 6.079377e-02 0 
1.620980e-01 1.124319e-01 0 
8.659067e-02 1.381162e-01 0 
2.112785e-01 3.079454e-01 0 
8.744364e-01 9.287844e-01 0 
7.831801e-01 9.176872e-01 0 
1.070075e-01 8.504544e-01 0 
2.609216e-02 8.294263e-01 0 
1.555382e-01 9.197586e-01 0 
2.110902e-01 9.462599e-01 0 
8.673373e-01 7.184492e-01 0 
8.025023e-01 7.591238e-01 0 
4.821111e-01 3.503530e-02 0 
4.299193e-01 6.288322e-01 0 
3.762663e-01 6.445080e-01 0 
2.590173e-01 2.087583e-01 0 
3.850826e-01 2.750067e-01 0 
2.881582e-01 4.516081e-01 0 
6.279677e-01 1.623977e-01 0 
6.449020e-01 2.089174e-01 0 
4.607746e-01 3.662038e-01 0 
5.274621e-01 4.416704e-01 0 
7.165003e-01 4.845137e-01 0 
6.555384e-01 3.248553e-01 0 
5.446318e-01 4.245566e-01 0 
6.350050e-01 2.127686e-02 0 
1.995009e-01 2.818045e-01 0 
9.269955e-02 4.486303e-01 0 
3.065843e-02 4.780767e-01 0 
6.248778e-01 9.294437e-01 0 
2.936134e-02 7.103196e-01 0 
2.808195e-01 6.154119e-01 0 
1.553230e-01 4.882968e-01 0 
8.280051e-02 6.964865e-01 0 
3.570370e-01 3.341484e-01 0 
3.303339e-01 9.204083e-01 0 
2.310222e-01 8.944613e-01 0 
4.891724e-01 9.234977e-01 0 
8.209225e-01 3.839275e-01 0 
2.220936e-01 1.131400e-01 0 
9.378119e-01 2.394137e-01 0 
9.357224e-01 1.714126e-01 0 
4.330532e-01 6.869386e-01 0 
8.295692e-01 1.650023e-01 0 
5.971713e-01 7.859906e-01 0 
5.218792e-01 7.985909e-01 0 
9.474675e-01 7.216489e-01 0 
9.533060e-01 6.549021e-01 0 
9.421610e-01 4.927261e-01 0 
9.407285e-01 4.314033e-01 0 
3.721273e-01 0.000000e+00 1 
1.000000e+00 1.331119e-01 1 
2.505192e-02 2.664476e-02 0 
9.198940e-01 9.788279e-01 0 
2.405027e-02 9.435895e-01 0 
7.640240e-01 5.667390e-01 0 
3.493881e-01 6.624889e-01 0 
2.180334e-01 3.937969e-01 0 
4.614099e-01 1.212572e-01 0 
5.607070e-01 3.015279e-01 0 
4.874192e-01 2.598298e-01 0 
4.032615e-01 3.609730e-01 0 
6.516097e-01 7.444161e-01 0 
7.256188e-01 7.118315e-01 0 
1.000000e+00 6.349786e-01 1 
4.176424e-01 9.734208e-01 0 
1.000000e+00 3.956272e-01 1 
2.324016e-01 2.278168e-01 0 
6.808109e-01 9.799521e-01 0 
1.645053e-01 6.957564e-01 0 
5.801915e-01 6.972297e-01 0 
7.048213e-01 2.141686e-01 0 
4.019761e-01 7.296785e-01 0 
4.370609e-01 7.223042e-01 0 
3.738931e-01 4.667559e-01 0 
8.470929e-02 1.761106e-01 0 
1.336770e-01 1.675221e-01 0 
8.856540e-01 8.109512e-01 0 
1.887407e-01 8.201410e-01 0 
1.720718e-01 8.725823e-01 0 
2.254613e-01 0.000000e+00 1 
4.801711e-01 4.834476e-01 0 
2.831078e-02 1.334792e-01 0 
7.570285e-01 8.153903e-01 0 
8.379070e-01 7.901731e-01 0 
1.000000e+00 8.678966e-01 1 
1.673192e-01 9.756573e-01 0 
3.874496e-01 5.855676e-01 0 
2.636928e-01 2.844368e-01 0 
4.467069e-01 3.912933e-01 0 
4.782439e-01 5.171378e-01 0 
4.419263e-01 2.763618e-01 0 
7.158951e-01 3.581439e-01 0 
2.460385e-01 3.143444e-01 0 
5.629420e-01 4.844031e-01 0 
1.907939e-01 3.274590e-01 0 
1.452652e-01 3.541239e-01 0 
4.325163e-01 5.459469e-01 0 
7.094090e-01 8.667586e-01 0 
4.912533e-01 8.336028e-01 0 
5.314755e-01 8.603898e-01 0 
6.667772e-01 2.681069e-01 0 
2.829486e-01 5.144765e-01 0 
2.678415e-01 5.802291e-01 0 
0.000000e+00 6.507772e-01 1 
2.278653e-01 8.588834e-01 0 
3.197960e-01 8.699055e-01 0 
7.075834e-01 9.210696e-01 0 
3.956214e-01 8.444791e-01 0 
3.330796e-01 4.881630e-02 0 
3.013802e-01 4.707291e-02 0 
4.009404e-01 2.086243e-01 0 
1.000000e+00 2.689100e-01 1 
8.378828e-02 1.020609e-01 0 
9.966206e-02 0.000000e+00 1 
8.026850e-01 9.725887e-01 0 
2.698674e-01 7.286671e-01 0 
3.345560e-01 6.877728e-01 0 
6.332061e-01 1.311511e-01 0 
5.570511e-01 3.790277e-01 0 
7.139719e-01 3.984130e-01 0 
3.850094e-01 5.129493e-01 0 
3.193061e-01 4.177777e-01 0 
5.135667e-01 5.564998e-01 0 
6.847813e-01 6.215187e-01 0 
1.000000e+00 7.536199e-01 1 
6.221452e-01 7.398720e-01 0 
1.000000e+00 5.193781e-01 1 
2.691734e-01 1.397180e-01 0 
6.160017e-01 3.972954e-01 0 
3.184162e-01 7.229713e-02 0 
3.929936e-01 5.707497e-02 0 
8.971679e-01 6.938635e-01 0 
6.270407e-01 6.874699e-01 0 
9.716421e-02 9.467440e-01 0 
2.411671e-02 6.205719e-02 0 
3.324116e-01 7.966780e-01 0 
9.130335e-01 8.599835e-01 0 
5.299428e-01 3.673812e-01 0 
8.212133e-01 4.479038e-01 0 
4.644755e-01 2.660265e-01 0 
2.607275e-01 2.359092e-01 0 
7.154274e-01 7.664063e-01 0 
8.010769e-01 6.677694e-01 0 
9.433322e-01 6.193931e-01 0 
5.163314e-01 9.377281e-01 0 
5.361879e-01 1.364105e-01 0 
8.118573e-01 9.218675e-01 0 
5.314333e-01 6.692226e-01 0 
6.118011e-01 6.544565e-01 0 
7.226225e-01 6.644485e-01 0 
4.676580e-01 7.891725e-01 0 
4.189729e-01 7.722594e-01 0 
7.646736e-02 8.038133e-01 0 
2.821125e-01 7.839024e-01 0 
1.614178e-01 0.000000e+00 1 
2.864544e-01 9.151641e-01 0 
3.515884e-02 2.171336e-01 0 
5.814940e-01 6.374397e-01 0 
9.788230e-01 9.450568e-01 0 
5.323427e-01 2.787889e-01 0 
5.050230e-02 9.751424e-01 0 
1.656939e-01 8.111180e-01 0 
6.370907e-01 6.328459e-01 0 
4.846188e-01 9.500493e-01 0 
4.315528e-01 4.707656e-01 0 
6.523457e-01 5.288928e-01 0 
3.835183e-01 7.133308e-01 0 
3.152116e-01 2.079697e-01 0 
3.885871e-01 3.874222e-01 0 
7.486256e-01 4.422254e-01 0 
6.301663e-01 4.270104e-01 0 
4.794327e-01 4.497329e-01 0 
2.478223e-01 2.581188e-01 0 
5.649453e-01 8.997377e-01 0 
4.507644e-01 7.571876e-01 0 
7.696180e-01 5.158118e-01 0 
3.505894e-01 8.211420e-01 0 
8.329158e-01 9.751160e-01 0 
8.110679e-01 6.132765e-01 0 
7.288912e-01 5.962951e-01 0 
7.108435e-01 5.396607e-01 0 
3.544036e-01 1.665196e-01 0 
3.398635e-01 2.263604e-01 0 
3.859225e-01 6.900970e-01 0 
3.143900e-01 7.737435e-01 0 
2.979827e-01 3.358748e-01 0 
4.237292e-01 2.503437e-01 0 
5.642928e-01 7.586673e-01 0 
4.811779e-01 6.524191e-01 0 
3.757696e-01 9.439348e-01 0 
5.770408e-01 9.462826e-01 0 
6.204474e-01 3.135147e-01 0 
3.698905e-01 4.149427e-01 0 
3.587502e-01 6.985212e-01 0 
6.662029e-01 4.794157e-01 0 
6.628775e-01 8.939271e-01 0 
1.817245e-01 9.018675e-01 0 
9.478270e-01 9.722113e-01 0 
8.900165e-01 9.800637e-01 0 
4.749431e-01 3.124281e-01 0 
3.830543e-01 2.777347e-02 0 
4.184018e-01 3.342042e-01 0 
6.854207e-01 6.916209e-01 0 
5.165081e-01 9.694147e-01 0 
9.492058e-01 8.053692e-02 0 
1.000000e+00 1.000000e+00 1 
3.148062e-02 1.000000e+00 1 
2.713982e-01 3.932172e-01 0 
5.829054e-01 2.761935e-01 0 
7.891342e-01 6.622094e-02 0 
4.035562e-01 3.046602e-01 0 
5.805417e-02 2.949121e-01 0 
0.000000e+00 3.211160e-01 1 
6.349911e-01 5.780762e-01 0 
9.714618e-01 5.966929e-01 0 
9.715040e-01 5.366595e-01 0 
5.952271e-02 5.589143e-01 0 
0.000000e+00 5.851087e-01 1 
9.696964e-01 3.513362e-01 0 
9.693403e-01 2.868689e-01 0 
7.246875e-01 1.000000e+00 1 
1.081517e-01 7.145326e-01 0 
4.896463e-01 7.119467e-01 0 
7.847442e-01 2.117117e-01 0 
7.891355e-01 2.754597e-01 0 
7.314708e-01 2.529391e-01 0 
1.894624e-01 4.394204e-01 0 
5.083285e-01 4.907919e-02 0 
6.755045e-01 9.741542e-02 0 
9.206138e-01 7.364231e-01 0 
9.143477e-01 7.957340e-01 0 
1.371649e-01 8.684636e-01 0 
8.457925e-01 2.335154e-01 0 
1.762527e-01 2.832970e-02 0 
8.179282e-01 8.719841e-01 0 
9.709744e-01 8.252694e-01 0 
9.723424e-01 7.668366e-01 0 
5.101039e-02 7.878408e-01 0 
0.000000e+00 8.125440e-01 1 
9.137820e-01 5.105657e-01 0 
7.663203e-01 4.775707e-01 0 
4.864924e-01 1.428688e-01 0 
2.573774e-01 6.745260e-01 0 
3.641898e-01 2.490234e-01 0 
7.275968e-01 1.926132e-01 0 
7.141890e-01 1.816041e-02 0 
6.135740e-02 4.305762e-01 0 
0.000000e+00 4.620094e-01 1 
5.095277e-01 7.718488e-01 0 
1.859396e-01 5.107664e-01 0 
2.554685e-01 4.869446e-01 0 
1.067597e-01 1.157783e-01 0 
8.506034e-01 4.274214e-01 0 
9.077013e-01 2.592541e-01 0 
9.090866e-01 3.244726e-01 0 
9.686086e-01 2.197453e-01 0 
9.670541e-01 1.506646e-01 0 
1.454519e-01 8.429840e-02 0 
7.933950e-02 8.953199e-01 0 
3.078128e-01 1.713872e-01 0 
2.807152e-01 3.100064e-01 0 
5.751687e-01 1.627769e-01 0 
4.964450e-01 2.291887e-01 0 
3.704353e-01 5.599393e-01 0 
3.079177e-01 5.428282e-01 0 
6.143182e-02 2.277983e-01 0 
1.857471e-01 2.550091e-01 0 
1.192699e-01 2.664303e-01 0 
4.955550e-01 6.028247e-01 0 
9.737378e-01 7.072258e-01 0 
6.128575e-02 4.955127e-01 0 
1.240337e-01 4.679367e-01 0 
1.212484e-01 5.340438e-01 0 
3.371875e-01 1.000000e+00 1 
9.709069e-01 4.749513e-01 0 
9.701056e-01 4.132058e-01 0 
1.784457e-01 1.407067e-01 0 
2.632767e-01 8.326353e-02 0 
2.051544e-01 8.488282e-02 0 
1.946763e-01 6.873487e-01 0 
5.444218e-02 7.325446e-01 0 
7.913615e-01 3.390925e-01 0 
6.048858e-01 3.662353e-01 0 
1.117731e-01 6.570925e-01 0 
6.611166e-01 4.221546e-01 0 
8.990584e-01 1.252982e-01 0 
9.056665e-01 1.923624e-01 0 
8.502614e-01 3.638474e-01 0 
8.488941e-01 2.992999e-01 0 
9.100821e-01 3.879814e-01 0 
9.114341e-01 4.502799e-01 0 
5.396687e-01 9.174828e-01 0 
1.151508e-01 5.965069e-01 0 
9.330857e-01 2.249698e-02 0 
5.632970e-02 2.507842e-02 0 
1.151626e-01 2.730790e-02 0 
0.000000e+00 9.267765e-01 1 
2.398789e-01 7.345823e-01 0 
2.420980e-01 5.555400e-01 0 
8.232144e-01 5.077228e-01 0 
3.643035e-01 7.897173e-01 0 
1.219288e-01 4.010256e-01 0 
4.828938e-01 0.000000e+00 1 
1.020189e-01 7.668843e-01 0 
0.000000e+00 2.557633e-01 1 
8.427483e-01 9.253383e-01 0 
0.000000e+00 8.735228e-01 1 
4.544062e-01 6.458398e-01 0 
3.515293e-01 6.129415e-01 0 
6.077044e-01 5.103775e-01 0 
0.000000e+00 5.241297e-01 1 
0.000000e+00 7.487030e-01 1 
3.428765e-01 8.957382e-01 0 
3.410100e-01 3.069066e-01 0 
7.458055e-01 7.577983e-01 0 
3.993437e-01 1.000000e+00 1 
1.526187e-01 1.000000e+00 1 
8.276644e-01 7.672441e-01 0 
2.581108e-01 9.743616e-01 0 
7.289070e-01 8.896834e-01 0 
5.208472e-01 8.281087e-01 0 
2.844114e-01 1.926902e-01 0 
7.320393e-01 3.162012e-01 0 
3.110066e-01 2.476119e-01 0 
8.381310e-01 5.560647e-01 0 
3.896346e-01 8.684568e-01 0 
7.747704e-01 7.451950e-01 0 
8.429189e-01 6.261866e-01 0 
5.694058e-01 4.332308e-01 0 
3.432618e-01 4.008722e-01 0 
7.142830e-01 1.407716e-01 0 
8.978375e-01 6.564360e-01 0 
8.410769e-02 7.489689e-02 0 
8.520908e-01 8.186606e-01 0 
8.891413e-01 5.879501e-01 0 
7.507495e-01 5.402607e-01 0 
9.399891e-01 4.854721e-02 0 
5.127494e-02 9.025087e-01 0 
5.033317e-01 3.242207e-01 0 
6.041576e-01 2.564914e-01 0 
4.048294e-01 1.763917e-01 0 
5.698131e-02 6.200047e-01 0 
2.573124e-01 6.085539e-01 0 
4.643915e-01 9.228838e-02 0 
7.854449e-01 5.481762e-01 0 
8.449474e-01 1.368426e-01 0 
6.406131e-01 9.519058e-01 0 
8.705004e-01 2.893892e-02 0 
1.272303e-01 9.398422e-01 0 
6.219938e-01 1.947062e-01 0 
7.378953e-01 4.729691e-01 0 
7.971832e-01 1.262112e-01 0 
2.598033e-01 9.079379e-01 0 
2.438204e-01 3.173241e-02 0 
6.265739e-01 7.663360e-01 0 
6.708742e-01 7.199076e-01 0 
2.398134e-01 1.424216e-01 0 
6.534170e-01 9.756021e-01 0 
1.542148e-01 7.513266e-01 0 
8.538430e-01 1.681112e-01 0 
8.647429e-01 5.485751e-01 0 
2.172719e-01 6.325896e-01 0 
4.523759e-01 4.963098e-01 0 
4.907451e-01 5.438966e-01 0 
5.482275e-01 4.578825e-01 0 
6.743574e-01 1.764686e-01 0 
6.763065e-01 8.631189e-01 0 
6.851125e-01 2.399345e-01 0 
3.027858e-02 4.127219e-01 0 
4.307906e-01 2.243943e-01 0 
7.889437e-01 5.856265e-01 0 
3.001121e-01 7.220007e-01 0 
3.236816e-01 3.876365e-01 0 
1.768448e-01 1.936384e-01 0 
2.879645e-01 6.696472e-01 0 
6.667970e-01 6.423027e-01 0 
7.001984e-01 2.719629e-01 0 
6.616507e-01 1.499522e-01 0 
7.114816e-01 5.702298e-01 0 
1.703171e-01 6.343192e-01 0 
4.797376e-01 2.863940e-01 0 
5.778965e-01 8.166348e-01 0 
6.877039e-01 7.837368e-01 0 
7.659736e-01 9.339035e-01 0 
4.250815e-01 9.115580e-01 0 
6.089748e-01 8.081423e-02 0 
3.175746e-01 1.057104e-01 0 
7.243747e-01 1.173493e-01 0 
7.437572e-01 6.894931e-01 0 
7.919264e-01 4.034641e-01 0 
1.400020e-01 8.129265e-01 0 
2.406646e-02 1.963053e-01 0 
6.571328e-01 6.151034e-01 0 
7.458829e-01 6.556837e-01 0 
4.358964e-01 8.331386e-01 0 
1.834723e-01 9.542698e-01 0 
2.404312e-01 9.527679e-01 0 
4.085442e-01 6.082490e-01 0 
4.017044e-01 4.146797e-01 0 
5.891951e-01 8.794501e-01 0 
3.677582e-01 7.348557e-01 0 
3.565661e-01 8.702514e-01 0 
2.906076e-01 9.692376e-01 0 
5.859265e-01 9.737839e-01 0 
3.145130e-01 4.514061e-01 0 
2.409480e-01 8.253252e-01 0 
3.266832e-01 6.041576e-01 0 
6.988375e-01 5.955513e-01 0 
9.161317e-01 5.709410e-01 0 
2.053539e-01 2.023430e-01 0 
4.790160e-01 8.965919e-01 0 
6.487165e-01 5.569820e-01 0 
7.218440e-02 9.536535e-01 0 
5.497106e-01 3.552933e-01 0 
7.880859e-01 8.153642e-01 0 
6.409812e-01 8.735609e-01 0 
8.208538e-01 6.433248e-01 0 
5.436880e-01 5.538346e-01 0 
7.482759e-01 9.502695e-01 0 
2.134237e-01 8.295517e-01 0 
3.071905e-01 9.378767e-01 0 
9.443485e-01 0.000000e+00 1 
4.036066e-01 8.903393e-02 0 
3.470969e-01 7.610295e-01 0 
2.142316e-02 3.347562e-01 0 
5.658873e-01 4.068486e-01 0 
5.591196e-01 2.029115e-02 0 
2.816384e-02 6.322678e-01 0 
5.457810e-01 7.269825e-01 0 
5.662289e-01 7.879978e-01 0 
7.728259e-01 1.479281e-01 0 
1.738958e-01 2.238003e-01 0 
1.976792e-01 9.761383e-01 0 
4.384579e-01 5.995521e-01 0 
4.620924e-01 5.471343e-01 0 
4.627065e-01 4.205893e-01 0 
7.714525e-01 9.677929e-01 0 
1.944785e-01 6.185966e-01 0 
5.523696e-01 9.728990e-01 0 
4.788821e-01 3.432556e-01 0 
2.856310e-01 0.000000e+00 1 
4.153523e-01 9.427486e-01 0 
6.938802e-01 4.915677e-01 0 
3.344166e-01 7.202755e-01 0 
1.898336e-01 3.504660e-01 0 
6.456973e-01 8.371040e-01 0 
7.346009e-01 3.440518e-01 0 
4.565285e-01 2.019211e-01 0 
1.808261e-01 7.418032e-01 0 
3.091567e-01 6.939327e-01 0 
8.048119e-02 9.758779e-01 0 
7.982789e-01 5.224982e-01 0 
3.199306e-01 2.394366e-02 0 
760 897 108 
963 931 11 
603 330 996 
4 604 331 
1174 321 1227 
606 333 112 
846 607 158 
22 608 335 
609 336 96 
1157 1236 285 
637 611 24 
674 1032 375 
163 1002 613 
164 1004 614 
342 5 615 
343 8 616 
617 7 344 
815 38 612 
15 619 346 
11 507 1114 
17 1011 621 
67 1012 622 
623 172 1219 
173 624 351 
749 352 1113 
606 626 93 
853 627 354 
308 355 136 
356 35 628 
22 629 357 
269 288 489 
631 117 783 
632 360 10 
58 633 361 
362 311 116 
363 1022 635 
636 75 1023 
637 24 365 
123 1024 638 
872 639 77 
30 640 368 
369 26 641 
370 18 642 
643 27 371 
644 81 1030 
966 1031 605 
374 9 646 
33 647 375 
821 648 376 
377 1110 78 
957 1191 984 
1189 651 282 
652 2 328 
473 751 193 
1227 1209 1174 
1168 1156 134 
138 632 384 
1115 1151 724 
386 237 656 
1159 387 84 
658 388 21 
389 1206 659 
660 390 201 
770 305 752 
392 42 896 
1116 898 393 
394 72 663 
664 740 395 
665 75 1044 
459 397 1231 
972 51 398 
46 668 399 
669 123 1048 
670 401 968 
212 671 402 
403 32 672 
404 673 283 
674 375 936 
675 405 1177 
406 804 676 
677 174 1202 
408 115 678 
679 883 294 
1109 1193 578 
411 246 504 
412 681 1119 
682 337 36 
56 683 413 
1120 912 1163 
1053 296 415 
686 416 71 
58 687 417 
58 688 418 
860 689 172 
299 1059 690 
60 691 421 
61 692 422 
423 142 693 
62 1064 694 
63 618 695 
63 1018 696 
64 697 427 
1067 698 119 
1068 699 146 
66 430 700 
1239 701 302 
67 702 432 
1240 907 1234 
704 434 55 
69 891 705 
706 1121 384 
93 742 707 
775 708 437 
438 71 709 
710 439 41 
1019 711 226 
1042 29 512 
440 183 713 
1122 441 714 
759 307 203 
581 443 277 
716 28 1076 
717 44 1078 
122 790 718 
1123 719 210 
720 448 285 
1192 1116 154 
722 449 229 
450 272 723 
1125 32 403 
725 44 1080 
250 726 452 
1126 727 966 
83 728 454 
455 100 729 
730 456 104 
731 85 890 
732 458 41 
666 991 227 
733 231 1076 
88 685 1127 
89 1085 719 
447 182 735 
461 312 736 
949 737 462 
723 463 1128 
739 80 464 
92 1090 465 
92 258 1135 
742 467 675 
921 707 227 
189 1033 743 
314 1055 744 
95 745 356 
614 746 164 
336 54 747 
470 748 1129 
1130 682 380 
225 749 355 
750 414 715 
98 728 471 
721 183 1205 
473 315 751 
237 279 474 
455 198 753 
475 230 754 
327 195 476 
102 934 755 
756 242 1006 
103 757 458 
103 1132 758 
287 759 477 
478 104 1201 
1218 243 758 
762 990 339 
763 247 1080 
764 248 1010 
107 918 405 
958 292 766 
1225 82 767 
275 1133 768 
109 769 439 
667 481 275 
979 771 253 
320 772 483 
773 255 1023 
774 256 1072 
333 70 775 
606 112 353 
777 486 970 
778 239 933 
779 114 941 
489 288 780 
115 781 490 
408 53 782 
437 1134 775 
696 14 426 
1135 966 1242 
783 454 750 
1111 835 149 
785 255 1014 
188 492 373 
1137 108 1148 
786 261 1027 
787 229 927 
788 262 1094 
789 302 495 
122 1138 790 
122 683 338 
1048 791 29 
669 210 1086 
865 792 177 
793 816 324 
794 499 233 
204 795 1174 
796 501 635 
797 502 266 
230 1139 924 
157 37 596 
492 65 800 
128 801 373 
802 491 1018 
130 647 695 
215 796 402 
803 280 1098 
804 158 506 
993 772 254 
806 508 99 
509 1177 405 
807 510 22 
1140 36 511 
809 241 69 
810 513 323 
962 1 327 
404 1141 812 
225 813 435 
1155 811 814 
815 761 6 
515 908 663 
684 56 1142 
516 197 656 
139 1057 816 
140 817 422 
818 518 268 
1137 519 108 
1216 909 216 
821 521 94 
423 61 822 
143 823 432 
269 114 779 
825 144 1103 
287 1143 826 
827 1201 245 
828 256 1078 
1069 829 260 
207 238 1215 
830 248 1044 
831 231 1047 
148 676 832 
527 1196 263 
329 1145 240 
1039 835 257 
836 261 1020 
150 837 421 
838 242 1030 
839 247 1066 
1084 685 734 
153 841 532 
0 533 842 
155 534 843 
156 1087 844 
845 1135 1161 
727 291 812 
1197 94 521 
846 406 984 
159 357 847 
159 782 535 
160 609 415 
1237 68 703 
849 536 704 
1053 850 296 
162 851 538 
539 316 806 
613 25 1095 
163 687 474 
627 540 1146 
273 853 541 
165 854 542 
166 616 518 
166 692 543 
167 1106 855 
168 856 545 
169 347 1200 
428 829 1147 
547 110 948 
1239 171 431 
1149 494 622 
172 31 860 
350 199 658 
173 1015 625 
286 1158 861 
863 862 148 
21 863 549 
175 628 538 
550 282 864 
176 629 390 
176 822 551 
177 633 865 
177 512 866 
311 1021 867 
800 128 492 
868 495 263 
74 869 363 
180 1150 716 
180 1077 636 
366 16 870 
962 871 554 
735 872 555 
182 903 792 
873 440 78 
531 553 311 
184 875 556 
185 642 522 
185 702 557 
186 1107 876 
187 1199 1125 
1151 465 644 
1090 92 1242 
559 290 65 
743 13 1070 
189 1152 768 
877 506 34 
561 297 726 
650 316 1104 
191 1051 878 
379 57 879 
871 476 880 
653 1 962 
339 99 881 
1227 905 574 
654 194 563 
284 1154 880 
752 305 577 
196 1035 861 
196 1156 706 
516 139 816 
197 678 886 
753 1159 565 
887 726 250 
1136 1150 833 
488 257 889 
567 200 890 
286 1167 1158 
892 510 71 
1089 893 275 
391 86 894 
202 732 569 
759 287 895 
570 532 995 
921 70 1213 
780 898 571 
205 1043 725 
205 1081 664 
206 1045 717 
206 1079 665 
1144 699 181 
899 920 900 
508 1160 977 
208 766 398 
209 902 573 
400 29 1042 
460 47 904 
211 574 905 
402 796 754 
738 49 1097 
1161 575 50 
407 980 523 
214 906 468 
907 334 846 
23 200 567 
610 480 337 
216 909 434 
673 318 283 
911 297 686 
912 95 1163 
1164 361 119 
1165 1033 376 
420 82 913 
1166 914 254 
220 915 576 
221 693 577 
221 757 543 
424 222 1193 
223 917 579 
325 30 927 
749 1167 352 
1073 919 216 
226 1168 515 
612 631 72 
436 1177 920 
921 374 70 
922 529 73 
1122 922 582 
736 271 461 
787 120 1026 
1147 620 169 
930 1171 762 
733 88 995 
831 147 1077 
232 583 925 
926 1091 967 
45 927 229 
850 1171 930 
1100 466 137 
236 740 1090 
929 145 1043 
931 963 857 
386 39 729 
241 134 1156 
1105 932 273 
933 559 188 
834 244 1172 
720 1173 317 
837 934 542 
1110 888 78 
1169 971 453 
838 151 1065 
243 1008 758 
895 587 74 
1197 1099 607 
1229 994 588 
204 713 589 
425 105 1176 
411 1052 54 
763 106 1009 
839 151 1081 
764 106 1045 
830 147 1046 
45 233 325 
1178 1121 226 
101 519 819 
65 290 520 
937 589 125 
883 53 793 
252 769 349 
252 823 569 
178 906 591 
482 979 299 
953 939 217 
354 1179 853 
773 111 1015 
364 833 1150 
774 111 1079 
712 612 394 
277 961 919 
388 257 941 
975 926 278 
489 319 942 
259 781 551 
259 817 566 
260 1067 791 
1069 638 181 
786 120 1021 
836 150 1060 
501 1181 635 
943 126 1028 
527 178 944 
179 1075 318 
264 945 497 
265 592 1182 
797 370 126 
946 477 144 
310 987 798 
818 387 140 
952 363 1181 
1144 397 146 
939 948 217 
949 234 330 
90 950 470 
951 235 997 
31 623 938 
1183 953 341 
480 36 337 
594 391 661 
108 348 858 
452 133 634 
276 1013 771 
276 938 623 
1202 585 956 
113 403 1118 
125 640 499 
1185 393 288 
1186 876 127 
643 799 1187 
649 82 1059 
803 131 1188 
483 1146 59 
966 727 1031 
651 192 955 
282 983 1189 
283 654 960 
596 37 961 
746 466 164 
554 192 962 
1236 389 244 
1082 964 141 
548 863 965 
659 590 1190 
52 948 110 
1124 368 721 
780 967 1091 
1185 779 40 
289 968 597 
289 794 598 
1122 32 441 
724 113 741 
970 453 50 
291 971 599 
292 675 972 
1114 973 378 
862 957 148 
293 975 591 
976 562 35 
294 745 535 
884 514 137 
1216 135 909 
950 610 161 
584 881 977 
308 303 813 
561 190 877 
298 916 1145 
978 528 199 
916 298 419 
299 979 595 
984 1191 1234 
523 154 407 
301 1194 981 
301 819 1137 
701 13 1088 
1149 121 494 
303 704 982 
303 308 581 
1195 807 335 
304 983 550 
305 710 577 
833 785 118 
985 596 179 
368 1124 30 
715 414 684 
1199 187 372 
985 599 91 
1198 970 486 
1200 857 218 
956 585 91 
531 311 867 
481 142 660 
87 60 421 
987 587 267 
461 271 988 
989 48 670 
1203 951 272 
1139 230 475 
1197 34 1099 
568 201 892 
928 1204 909 
470 1129 90 
1220 528 978 
469 52 219 
873 306 1205 
564 10 624 
1232 478 274 
1210 895 74 
1172 567 149 
101 1206 986 
820 593 86 
466 1208 383 
321 937 597 
1209 621 251 
178 527 600 
1139 739 924 
513 57 851 
810 473 193 
963 517 857 
1214 319 1091 
588 141 981 
994 7 617 
1211 825 300 
524 1187 799 
1173 932 317 
472 306 801 
978 689 298 
328 295 1127 
52 132 690 
329 602 1236 
329 834 1145 
330 603 988 
330 234 996 
331 844 272 
331 951 997 
963 324 517 
332 929 236 
333 606 1213 
333 775 1134 
334 607 846 
228 985 179 
335 998 95 
335 912 1195 
336 609 674 
747 511 36 
1110 500 897 
337 999 161 
338 637 122 
338 1000 98 
339 323 992 
339 990 323 
340 613 1002 
340 1215 1003 
341 1004 174 
953 320 939 
342 615 1005 
342 756 1006 
343 1007 103 
343 758 1008 
1230 990 1129 
1217 696 426 
345 761 712 
346 619 1009 
346 764 1010 
805 620 1112 
347 857 1200 
348 621 1011 
1178 684 138 
349 1012 252 
349 769 859 
350 1219 199 
350 658 1013 
351 1014 255 
351 773 1015 
352 625 1113 
352 1016 173 
353 626 606 
353 776 1131 
483 59 923 
354 940 1179 
355 308 813 
355 749 1113 
356 628 1163 
356 745 976 
357 1017 115 
357 159 608 
358 1018 63 
358 695 647 
359 631 783 
359 1019 72 
360 632 1221 
360 1014 10 
361 866 119 
361 1222 688 
362 116 1020 
362 1021 311 
952 1181 121 
635 1022 796 
364 636 1023 
364 785 833 
365 76 1138 
366 638 1024 
207 100 455 
367 639 872 
367 865 124 
368 1025 183 
1124 874 531 
369 641 1026 
369 786 1027 
370 642 1028 
370 797 1029 
643 1223 799 
372 644 1030 
1199 102 755 
128 373 492 
373 801 1117 
374 646 409 
840 666 152 
375 647 936 
1117 1105 541 
376 648 1165 
376 768 1133 
767 1224 190 
649 767 82 
378 650 1114 
378 1034 316 
379 1189 57 
379 879 1226 
380 36 1140 
380 705 1130 
751 653 193 
381 814 811 
882 382 136 
194 382 703 
383 195 884 
1208 219 420 
384 1035 196 
1178 226 711 
385 83 1036 
386 886 39 
386 729 279 
387 1037 140 
387 818 1038 
388 1039 257 
388 941 965 
1172 23 567 
1109 27 643 
390 1040 176 
390 1041 201 
86 391 594 
1218 894 243 
947 498 265 
392 967 42 
393 662 1116 
393 1185 730 
394 663 1176 
394 1176 712 
667 275 768 
395 929 1043 
396 665 1044 
396 764 1045 
397 900 146 
748 315 1129 
398 901 208 
685 76 734 
399 668 1046 
399 831 1047 
400 669 1048 
903 182 447 
401 211 968 
442 1092 566 
402 1049 212 
1118 290 1207 
403 724 1125 
1031 960 19 
812 291 1233 
405 1050 107 
509 249 1068 
406 974 984 
676 804 131 
407 662 1175 
1191 319 1214 
1235 197 885 
408 847 115 
820 1071 522 
883 878 1051 
112 410 776 
410 848 1032 
936 411 54 
411 130 246 
1119 1155 814 
412 919 961 
413 718 28 
784 118 1142 
715 1178 711 
414 1000 56 
160 1238 680 
1170 560 109 
416 1054 34 
416 1055 71 
417 1056 124 
417 865 633 
418 1057 139 
418 139 655 
419 860 322 
1145 916 852 
420 690 1059 
1208 284 383 
421 691 1060 
837 714 934 
422 1061 140 
422 1062 61 
423 1063 61 
423 1040 142 
424 694 1064 
1211 326 946 
425 695 105 
425 246 130 
1217 43 345 
427 697 1065 
427 839 1066 
428 698 1067 
1147 249 918 
429 1068 249 
429 829 1069 
430 224 1194 
859 431 171 
431 859 1070 
432 1071 143 
432 1012 67 
433 703 1072 
433 828 1180 
434 704 1073 
928 135 751 
435 891 225 
435 982 97 
436 707 742 
436 899 227 
437 708 409 
437 630 1134 
864 213 550 
438 911 686 
439 710 1170 
439 1074 41 
440 713 377 
873 586 306 
672 1122 520 
441 755 934 
213 864 438 
759 895 1196 
443 308 136 
443 1075 277 
444 716 1076 
444 831 1077 
445 717 1078 
445 774 1079 
446 790 88 
446 733 1076 
903 1123 400 
447 925 89 
765 317 586 
1157 888 309 
449 722 737 
132 299 690 
450 1049 230 
450 924 1203 
451 725 1080 
451 839 1081 
452 911 133 
955 192 554 
453 1126 845 
453 970 1169 
454 728 750 
454 783 1036 
455 729 442 
455 753 207 
456 40 889 
456 731 1201 
457 731 890 
457 964 1082 
458 732 1132 
458 1083 41 
1084 1212 328 
460 1085 47 
460 904 1086 
736 233 45 
461 843 312 
737 949 271 
463 738 1128 
463 844 1087 
464 235 1241 
740 236 395 
1151 187 724 
318 443 136 
1135 1242 92 
467 626 51 
467 972 675 
468 743 1033 
468 906 1088 
469 614 217 
469 948 52 
1129 315 1230 
470 950 849 
471 611 98 
873 1205 440 
20 776 680 
751 135 381 
473 810 1230 
474 279 1002 
474 687 1058 
475 1022 310 
1139 798 127 
476 195 284 
871 880 1153 
477 203 896 
1143 326 524 
1202 174 1004 
1159 753 198 
479 763 1080 
479 717 1045 
958 766 973 
958 1050 292 
770 1228 305 
481 660 1089 
482 771 979 
938 132 110 
993 254 354 
923 322 939 
484 773 1023 
484 665 1079 
485 774 1072 
485 625 1015 
486 940 254 
486 914 1198 
487 778 933 
487 12 1179 
488 779 941 
889 85 456 
489 1091 319 
489 942 269 
490 1092 39 
490 886 678 
802 1018 630 
491 802 1093 
1111 890 85 
800 73 116 
493 927 30 
493 1021 120 
494 1094 67 
1149 171 1239 
495 302 263 
868 74 363 
496 791 1048 
496 638 1069 
497 669 1086 
497 945 1024 
498 1056 163 
498 613 1095 
499 1096 125 
655 1058 418 
251 500 1209 
634 955 452 
501 943 262 
501 788 1181 
502 797 671 
502 738 1097 
503 799 1186 
503 798 987 
908 504 3 
215 126 943 
505 1098 253 
505 832 676 
506 1099 34 
506 877 1188 
507 805 1112 
805 507 931 
508 1034 208 
508 901 1160 
509 1068 572 
327 1155 195 
510 807 1195 
510 1041 22 
511 808 1140 
511 1052 504 
196 241 1156 
241 1158 69 
513 810 879 
513 851 992 
514 157 1100 
514 681 37 
515 1019 226 
409 802 437 
516 656 655 
1235 53 408 
517 1057 218 
1165 334 1240 
518 1061 166 
518 616 1101 
819 301 590 
760 986 309 
258 92 1115 
1214 926 975 
521 893 314 
607 1099 158 
522 1071 185 
522 642 1102 
523 825 1103 
980 1232 544 
946 1143 477 
524 799 267 
525 828 1078 
525 725 1043 
526 830 1044 
526 636 1077 
527 263 600 
527 944 307 
528 1039 199 
978 298 834 
529 836 1020 
529 922 281 
530 838 1030 
530 664 1081 
921 991 374 
840 991 666 
532 841 1047 
532 570 153 
842 1085 89 
843 989 312 
535 782 679 
535 998 159 
536 999 97 
536 982 704 
537 1053 96 
537 610 950 
538 959 175 
538 628 824 
539 806 1001 
539 162 824 
540 852 1146 
540 1173 240 
1090 605 236 
541 12 1117 
837 87 421 
542 934 1005 
543 1063 221 
543 1007 166 
544 855 1106 
980 694 300 
545 856 1066 
545 763 1009 
1148 66 700 
31 172 623 
547 939 322 
548 862 863 
548 965 942 
549 832 253 
549 771 1013 
864 133 438 
983 175 959 
551 1062 259 
551 1017 176 
552 512 29 
552 791 1067 
824 1104 539 
1108 874 472 
1153 250 452 
327 1 811 
555 232 735 
556 875 722 
556 787 1026 
557 1094 262 
557 943 1028 
558 876 1107 
313 153 570 
559 65 188 
559 1207 290 
560 743 1070 
560 1170 1228 
561 726 887 
561 1054 297 
562 650 1104 
562 976 1051 
1147 918 620 
563 960 654 
564 1035 10 
564 1016 286 
565 238 753 
566 1092 259 
566 1037 198 
567 890 1111 
23 244 389 
568 893 1089 
568 1055 314 
569 1074 252 
569 823 661 
896 203 392 
896 42 1192 
571 898 1116 
571 967 780 
572 900 920 
572 1068 146 
573 902 1010 
573 830 1046 
618 345 105 
575 969 239 
575 778 777 
576 915 1027 
576 836 1060 
577 693 752 
577 1083 221 
1187 1109 643 
579 917 1006 
579 838 1065 
1229 580 994 
581 919 1073 
581 308 443 
582 922 800 
582 65 520 
925 842 89 
584 930 881 
584 977 1160 
585 466 1100 
585 1202 164 
586 932 1105 
317 765 720 
587 826 267 
587 987 869 
588 935 1082 
992 851 162 
589 1025 125 
589 937 795 
590 301 981 
590 964 1190 
591 906 1162 
591 975 944 
1182 639 124 
1042 792 903 
594 820 86 
954 617 274 
595 649 1059 
595 1098 280 
596 1075 179 
596 985 157 
597 905 321 
597 1096 289 
598 794 736 
598 989 670 
599 657 956 
599 985 1233 
600 701 1088 
600 263 302 
601 313 295 
602 329 240 
602 1173 720 
603 155 988 
604 156 331 
605 332 236 
605 1242 966 
353 112 776 
606 93 1213 
607 334 648 
607 94 1197 
608 22 357 
608 159 998 
609 96 1053 
1230 810 323 
610 337 161 
610 537 96 
611 338 98 
611 471 24 
1157 448 888 
992 162 1001 
613 340 25 
613 498 163 
614 341 217 
614 469 746 
615 165 1005 
616 8 1101 
616 166 1007 
274 344 167 
617 954 994 
612 72 394 
105 695 618 
619 168 1009 
620 347 169 
107 620 918 
621 348 251 
17 621 1227 
622 349 171 
622 494 67 
623 350 276 
860 31 547 
624 173 1016 
624 10 1014 
625 352 173 
625 485 68 
928 909 135 
626 467 742 
627 273 540 
993 1146 483 
538 824 162 
628 175 1120 
629 22 1041 
629 176 1017 
630 358 33 
630 437 802 
631 359 72 
992 1001 339 
632 10 1035 
632 138 1221 
633 58 417 
633 177 866 
116 311 553 
409 646 129 
685 88 790 
952 121 495 
636 364 180 
636 526 75 
637 365 1138 
637 338 611 
638 366 181 
638 496 123 
639 367 124 
639 592 77 
499 640 325 
640 125 1025 
641 184 1026 
642 18 1102 
642 185 1028 
643 371 1223 
1109 326 1193 
644 372 187 
644 465 81 
952 495 868 
645 487 933 
374 409 708 
647 33 358 
647 130 936 
648 94 607 
1165 214 1033 
649 1224 767 
649 595 280 
650 378 316 
650 562 191 
651 379 192 
634 133 864 
957 974 148 
809 134 241 
1 381 811 
653 962 1226 
563 194 1180 
382 654 910 
1168 908 515 
284 195 383 
930 584 296 
656 197 886 
1159 84 565 
1159 198 1037 
658 21 1013 
658 199 1039 
659 101 590 
1190 200 23 
660 201 1089 
660 142 1040 
661 202 569 
1228 1152 560 
662 393 104 
674 609 160 
663 72 1019 
663 3 1176 
664 395 205 
664 530 81 
665 396 206 
665 484 75 
152 1243 459 
1243 899 900 
353 51 626 
1131 20 901 
668 209 1046 
669 400 210 
669 497 123 
670 289 598 
670 48 401 
671 212 502 
671 126 215 
672 1118 403 
295 328 601 
673 404 228 
283 318 910 
674 54 336 
674 160 1032 
675 1177 742 
675 292 1050 
676 131 505 
676 148 974 
677 971 1169 
1162 214 1240 
678 115 490 
678 1235 408 
679 294 535 
679 53 883 
1238 160 415 
1206 1157 986 
681 412 37 
681 514 884 
682 36 380 
1130 97 999 
683 56 1000 
683 122 718 
684 414 56 
684 1142 1221 
442 729 39 
296 1160 1238 
686 71 438 
686 297 1054 
687 58 1058 
687 163 1056 
688 58 361 
1222 218 1057 
689 419 298 
689 1219 172 
690 420 219 
690 219 52 
691 220 1060 
692 61 1063 
692 166 1061 
752 142 770 
693 221 1063 
694 424 300 
694 544 62 
695 425 130 
695 358 63 
696 491 14 
696 1217 618 
697 223 1065 
698 428 169 
698 169 1200 
699 429 181 
397 1144 270 
700 430 1194 
66 1148 546 
701 431 13 
701 600 302 
702 67 1094 
702 185 1071 
382 194 654 
1240 214 1165 
704 55 849 
704 303 1073 
705 435 97 
705 380 69 
706 384 196 
706 1156 1168 
707 436 227 
707 921 1213 
708 70 374 
409 129 1093 
709 71 510 
709 213 438 
710 41 1083 
439 1170 109 
711 359 715 
1178 138 1121 
712 105 345 
712 761 815 
713 183 1025 
440 377 78 
714 441 934 
714 837 281 
657 677 1202 
307 392 203 
716 444 180 
716 1150 1136 
717 445 206 
717 479 44 
718 446 28 
718 413 683 
719 447 89 
719 460 210 
720 285 602 
720 765 448 
721 368 183 
721 472 874 
722 229 556 
722 79 737 
723 272 844 
1128 212 1049 
724 403 113 
1151 1115 465 
725 451 205 
725 525 44 
190 561 767 
726 297 911 
727 1126 971 
1031 19 332 
728 83 471 
728 98 750 
729 100 279 
455 442 198 
730 104 393 
730 40 456 
731 457 245 
731 456 85 
732 41 1074 
732 202 1132 
733 446 88 
733 532 231 
1084 1127 685 
1127 1084 328 
735 182 872 
735 232 925 
736 312 598 
736 449 271 
737 271 449 
737 79 462 
738 463 49 
738 502 212 
739 464 1241 
739 558 80 
740 465 1090 
465 740 81 
741 258 1115 
741 1161 258 
742 1177 436 
742 93 626 
743 468 13 
743 560 189 
744 416 34 
744 521 314 
745 95 998 
745 294 976 
746 469 219 
466 746 1208 
747 54 1052 
336 480 96 
748 470 55 
748 1204 928 
749 225 1167 
1113 68 1237 
750 715 783 
750 98 1000 
751 315 928 
751 381 653 
279 237 386 
618 63 696 
765 78 448 
753 238 207 
754 230 1049 
754 796 1022 
755 441 32 
756 1199 372 
756 342 102 
756 372 242 
757 103 1007 
757 221 1083 
520 1122 582 
758 343 103 
1170 710 305 
759 203 477 
1201 104 456 
478 827 954 
1218 1132 202 
762 881 930 
425 3 246 
763 479 106 
763 545 247 
764 346 106 
764 396 248 
1227 321 905 
509 572 1177 
766 292 972 
766 208 973 
887 767 561 
887 250 1225 
768 376 189 
768 1152 667 
769 109 859 
769 252 1074 
770 481 667 
770 142 481 
771 482 276 
771 549 253 
772 320 1166 
1210 868 263 
773 484 111 
773 351 255 
774 485 111 
774 445 256 
775 70 708 
1134 33 848 
410 112 848 
353 1131 51 
777 50 575 
486 1184 940 
1184 778 487 
778 575 239 
779 488 40 
779 1185 269 
780 288 898 
258 1161 1135 
781 115 1017 
781 259 1092 
782 53 679 
782 159 847 
783 715 359 
783 117 1036 
1136 28 716 
784 1142 413 
785 360 118 
785 364 255 
786 369 120 
786 362 261 
787 493 120 
787 556 229 
788 494 121 
788 501 262 
789 495 121 
789 1239 302 
790 1138 685 
790 446 718 
791 496 260 
791 552 29 
792 367 182 
792 512 177 
793 53 885 
265 1182 947 
794 233 736 
794 289 1096 
795 204 589 
795 321 1174 
407 1232 980 
501 215 943 
797 266 1029 
797 126 671 
798 475 310 
798 503 127 
799 503 267 
752 693 142 
800 65 582 
800 553 128 
801 128 1108 
373 1117 12 
11 878 963 
802 409 1093 
803 505 131 
803 1224 280 
804 506 131 
804 406 846 
620 805 347 
1112 107 1050 
806 99 1001 
806 316 1034 
807 22 335 
1195 304 213 
808 511 504 
808 504 908 
809 69 380 
809 1140 134 
473 1230 315 
810 193 879 
381 1 653 
657 599 971 
727 1141 1031 
228 179 673 
813 225 355 
813 303 982 
814 381 135 
1216 216 412 
815 612 712 
279 100 1002 
816 517 324 
516 793 885 
817 140 1037 
817 259 1062 
818 268 1038 
818 140 1061 
819 519 1137 
819 590 101 
1214 293 1234 
1207 969 1118 
821 94 648 
821 1133 893 
822 61 1062 
822 176 1040 
823 143 661 
823 252 1012 
512 792 1042 
820 143 1071 
825 523 300 
1211 1193 326 
826 524 267 
826 587 895 
827 935 954 
19 145 929 
828 525 145 
828 433 256 
829 429 249 
829 428 260 
830 526 147 
830 573 248 
831 399 147 
831 444 231 
832 505 253 
832 549 863 
1196 527 307 
1210 74 868 
834 329 244 
834 1220 978 
835 528 149 
257 1111 889 
836 529 150 
836 576 261 
837 150 281 
837 542 87 
838 530 151 
838 579 242 
839 427 151 
839 451 247 
840 9 991 
841 46 1047 
842 533 1085 
842 583 0 
843 534 989 
843 461 988 
844 463 723 
844 331 156 
845 50 453 
845 1126 1135 
846 984 907 
846 158 804 
847 357 115 
847 408 782 
848 112 333 
1237 882 355 
849 55 470 
849 161 999 
850 537 90 
850 930 296 
513 992 323 
851 57 959 
852 540 240 
59 916 419 
853 273 627 
113 969 741 
854 60 87 
855 544 1232 
855 1232 274 
856 64 1066 
857 347 805 
857 517 218 
858 1148 108 
858 170 546 
859 171 349 
859 109 1070 
860 547 322 
860 419 689 
861 241 196 
861 564 286 
862 548 319 
862 319 1191 
863 21 965 
863 148 832 
634 282 651 
550 213 304 
865 417 124 
865 367 792 
866 552 119 
866 361 633 
867 493 30 
867 1124 531 
1210 263 1196 
1181 363 635 
869 74 587 
869 310 1022 
870 270 1144 
871 327 476 
554 1153 955 
872 182 367 
872 77 555 
873 78 765 
1205 472 721 
874 553 531 
874 1108 553 
875 79 722 
876 558 127 
876 1223 186 
877 34 1054 
877 190 1188 
878 883 324 
377 713 204 
879 57 513 
879 193 1226 
880 476 284 
880 1154 1225 
881 99 977 
762 1171 990 
882 136 355 
882 1237 382 
433 194 703 
1180 145 19 
884 1155 681 
884 137 383 
793 516 816 
885 197 516 
886 490 39 
886 386 656 
887 1225 767 
442 39 1092 
888 448 78 
655 656 237 
1111 257 835 
889 40 488 
890 200 457 
318 673 179 
891 1158 1167 
891 435 705 
892 71 1055 
892 201 1041 
893 568 314 
893 521 821 
391 894 1218 
895 287 826 
938 110 31 
896 144 477 
570 295 313 
897 500 251 
309 897 760 
898 288 393 
571 1192 42 
899 666 227 
899 436 920 
900 572 146 
1243 397 459 
901 508 208 
1131 398 51 
902 15 1010 
903 400 1042 
903 447 1123 
904 264 1086 
1227 574 17 
905 597 968 
591 1162 293 
906 178 1088 
1124 867 30 
1216 412 1119 
908 3 663 
908 1168 808 
135 1216 814 
1204 55 434 
910 318 136 
283 910 654 
911 438 133 
911 452 726 
304 1120 983 
912 335 95 
913 82 1154 
913 1208 420 
1183 1166 953 
914 486 254 
915 26 1027 
326 1109 1187 
1193 1211 424 
917 5 1006 
588 994 935 
1229 224 580 
919 581 277 
919 412 216 
920 1177 572 
397 270 1231 
2 601 328 
921 227 991 
922 73 800 
922 1122 281 
923 419 322 
980 544 694 
924 450 230 
1139 127 558 
925 583 842 
925 447 735 
926 392 278 
926 1214 1091 
30 325 640 
927 493 787 
466 585 164 
466 383 137 
929 395 236 
929 332 19 
655 139 516 
655 237 1058 
38 385 117 
100 207 1215 
932 586 317 
932 540 273 
933 188 645 
933 239 1207 
281 150 529 
934 102 1005 
325 233 499 
935 245 1082 
936 54 674 
936 130 411 
937 125 1096 
937 321 795 
938 482 132 
938 276 482 
939 320 923 
939 547 948 
940 354 254 
1184 486 777 
941 257 488 
941 114 965 
942 319 548 
942 114 269 
943 557 262 
215 501 796 
944 178 591 
944 278 307 
945 16 1024 
1211 144 825 
946 326 1143 
1144 146 699 
1197 521 744 
110 547 31 
948 469 217 
949 330 271 
949 462 234 
950 90 537 
950 161 849 
951 331 272 
951 1203 1241 
373 12 645 
1117 306 1105 
1183 174 914 
953 217 341 
954 274 478 
827 245 935 
955 634 651 
1153 554 871 
956 91 599 
956 657 1202 
1114 958 973 
11 191 878 
157 514 37 
958 1112 1050 
959 1189 983 
959 538 851 
960 563 19 
960 404 283 
961 37 412 
961 277 1075 
962 192 1226 
962 327 871 
1236 244 329 
389 1236 1206 
964 457 200 
964 590 141 
965 21 388 
965 114 942 
1114 507 958 
1192 154 1103 
967 571 42 
967 392 926 
968 289 670 
968 211 905 
969 1207 239 
969 575 1161 
970 50 777 
1198 174 677 
971 291 727 
971 677 657 
972 467 51 
972 398 766 
157 91 1100 
973 208 1034 
984 1234 907 
974 406 676 
975 293 1214 
975 278 944 
976 35 356 
976 294 1051 
977 99 508 
1160 20 1238 
978 199 1219 
1220 149 528 
482 299 132 
979 253 1098 
407 154 662 
1220 834 1172 
981 1194 1229 
981 141 590 
982 536 97 
982 435 813 
1120 304 912 
983 282 550 
833 784 1136 
1170 305 1228 
1233 228 812 
985 91 157 
986 519 101 
1157 1206 1236 
987 267 503 
987 310 869 
988 271 330 
988 155 843 
989 598 312 
989 534 48 
990 1230 323 
762 339 881 
87 542 854 
824 35 1104 
1131 901 398 
1175 104 478 
3 504 246 
1172 244 23 
994 954 935 
994 580 7 
995 1127 295 
995 532 733 
325 927 45 
997 4 331 
998 335 608 
998 535 745 
1130 337 682 
999 536 849 
1000 338 683 
1000 414 750 
1001 162 539 
1001 99 339 
1002 163 474 
1002 100 340 
1003 25 340 
1004 341 614 
1004 164 1202 
1005 165 542 
1005 102 342 
1006 242 579 
1006 5 342 
1007 343 616 
1007 543 757 
1008 8 343 
1009 168 545 
1009 106 346 
1010 248 573 
1010 15 346 
1011 170 348 
1012 349 622 
1012 432 823 
1013 21 549 
1013 276 350 
1014 351 624 
1014 360 785 
1015 111 485 
1015 173 351 
1016 352 1167 
1016 564 624 
1017 357 629 
1017 551 781 
1018 358 630 
1018 491 696 
1019 359 711 
1019 515 663 
1020 73 529 
1020 261 362 
1021 362 786 
1021 493 867 
1022 363 869 
1022 475 754 
1023 75 484 
1023 255 364 
1024 123 497 
1024 16 366 
1025 368 640 
1025 589 713 
1026 184 556 
1026 120 369 
1027 261 576 
1027 26 369 
1028 185 557 
1028 126 370 
1029 18 370 
1030 81 530 
1030 242 372 
188 373 645 
188 65 492 
1032 160 410 
1032 33 375 
1033 214 468 
1033 189 376 
1034 378 973 
1034 508 806 
1035 384 632 
1035 564 861 
1036 83 454 
1036 117 385 
1229 588 981 
1037 566 817 
1038 84 387 
1039 388 658 
1039 528 835 
1040 390 660 
1040 423 822 
1041 390 629 
1041 510 892 
593 820 522 
661 820 594 
1043 145 525 
1043 205 395 
1044 75 526 
1044 248 396 
1045 106 479 
1045 206 396 
1046 209 573 
1046 147 399 
1047 231 532 
1047 46 399 
1048 123 496 
1048 29 400 
1049 402 754 
1128 450 723 
1050 405 675 
480 336 747 
1051 191 562 
1051 294 883 
1052 411 504 
1052 511 747 
1053 415 609 
1053 537 850 
1054 416 686 
1054 561 877 
1055 416 744 
1055 568 892 
1056 417 687 
1056 498 947 
1222 418 688 
1057 517 816 
1058 237 474 
1058 58 418 
1059 299 595 
1059 82 420 
1060 220 576 
1060 150 421 
1061 422 692 
1061 518 818 
1062 422 817 
1062 551 822 
1063 423 693 
1063 543 692 
1064 222 424 
1065 223 579 
1065 151 427 
1066 247 545 
1066 64 427 
1067 119 552 
1067 260 428 
1068 429 699 
249 509 918 
1069 260 496 
1069 181 429 
1070 109 560 
1070 13 431 
1071 432 702 
593 522 1102 
1072 68 485 
1072 256 433 
1073 303 581 
1073 216 434 
1074 439 769 
1074 569 732 
1075 443 318 
1075 596 961 
1076 28 446 
1076 231 444 
1077 147 526 
1077 180 444 
1078 44 525 
1078 256 445 
1079 111 484 
1079 206 445 
1080 44 479 
1080 247 451 
1081 151 530 
1081 205 451 
1082 141 588 
1082 245 457 
1083 458 757 
1083 577 710 
991 9 374 
152 666 1243 
1085 460 719 
1085 533 47 
1086 264 497 
1086 210 460 
1087 49 463 
1088 178 600 
1088 13 468 
1089 201 568 
1089 275 481 
12 487 645 
1179 541 853 
1091 489 780 
672 290 1118 
1092 490 781 
442 566 198 
1093 14 491 
1094 494 788 
1094 557 702 
1095 265 498 
1096 499 794 
1096 597 937 
1097 266 502 
1098 505 803 
1098 595 979 
1099 506 158 
34 1197 744 
1100 91 585 
1100 137 514 
1101 268 518 
1207 559 933 
1103 144 896 
1103 154 523 
1104 35 562 
1104 316 539 
1105 306 586 
1105 273 541 
1106 62 544 
1107 80 558 
1108 472 801 
652 328 1212 
1236 602 285 
760 519 986 
507 11 931 
605 1031 332 
480 610 96 
480 747 36 
1112 620 107 
1112 958 507 
1113 625 68 
1113 1237 355 
1114 650 191 
1114 191 11 
38 117 631 
38 6 385 
1116 662 154 
1116 1192 571 
740 664 81 
947 124 1056 
290 672 520 
1118 969 113 
1119 681 1155 
1119 814 1216 
1120 175 983 
684 1178 715 
1121 706 226 
1121 138 384 
1122 714 281 
1122 672 32 
1123 210 400 
1123 447 719 
1124 721 874 
1192 1103 896 
1125 724 187 
1125 755 32 
1126 966 1135 
1126 453 971 
1084 734 1212 
1127 995 88 
1128 738 212 
1128 1049 450 
315 748 928 
1129 990 90 
1130 705 97 
1130 999 337 
1205 183 440 
116 553 800 
1132 103 458 
1218 202 391 
1133 275 893 
1133 821 376 
1134 630 33 
1134 848 333 
855 274 167 
631 612 38 
1136 413 28 
413 1136 784 
1137 700 301 
1200 218 1222 
1138 122 637 
1138 76 685 
1139 475 798 
1139 558 739 
1140 808 134 
1140 809 380 
1141 404 960 
1141 960 1031 
1142 56 413 
1142 118 1221 
1143 287 477 
1143 524 826 
1144 181 366 
1144 366 870 
1145 834 298 
1145 852 240 
1146 852 59 
1146 993 627 
1147 829 249 
428 1147 169 
1148 858 546 
1148 700 1137 
1149 622 171 
1149 789 121 
1150 180 364 
833 118 784 
1151 644 187 
465 1115 92 
1152 189 560 
1152 1228 667 
1153 880 250 
1153 452 955 
1154 284 913 
1154 82 1225 
1155 884 195 
1155 327 811 
980 300 523 
634 864 282 
1157 309 986 
1157 285 448 
1158 891 69 
1158 241 861 
1110 309 888 
1110 204 500 
1160 901 20 
1160 296 584 
1161 50 845 
1161 741 969 
1162 906 214 
741 1115 724 
1163 95 356 
1163 628 1120 
1164 119 698 
1164 1200 1222 
931 857 805 
963 878 324 
1166 254 772 
1166 320 953 
1167 225 891 
1167 286 1016 
1168 226 706 
1168 134 808 
1169 970 1198 
59 419 923 
45 229 449 
213 709 1195 
1171 90 990 
90 1171 850 
3 425 1176 
1172 149 1220 
1173 602 240 
1173 540 932 
1174 500 204 
756 102 1199 
1175 662 104 
1175 478 1232 
1176 105 712 
23 389 1190 
509 405 918 
45 449 736 
108 251 348 
251 108 897 
1179 940 1184 
1179 12 541 
1180 828 145 
1180 19 563 
1181 788 121 
952 868 363 
1182 592 639 
1182 124 947 
1183 341 174 
1183 914 1166 
1184 487 1179 
1184 777 778 
1185 288 269 
1185 40 730 
1186 127 503 
1186 799 1223 
1187 524 326 
1109 578 27 
1188 131 506 
1188 190 1224 
1189 959 57 
1189 379 651 
1190 964 200 
1190 389 659 
1191 957 862 
1191 1214 1234 
916 59 852 
52 110 132 
1193 222 578 
957 984 974 
1194 301 700 
1194 224 1229 
1195 912 304 
1195 709 510 
1196 307 759 
1196 895 1210 
295 570 995 
307 278 392 
1198 914 174 
1198 677 1169 
1200 1164 698 
377 204 1110 
897 309 1110 
760 108 519 
1201 731 245 
1201 827 478 
1111 149 567 
1111 85 889 
1203 272 450 
1203 924 1241 
1204 748 55 
1204 434 909 
1205 306 472 
1159 1037 387 
1206 101 659 
116 73 1020 
512 552 866 
923 320 483 
1208 746 219 
1208 913 284 
1174 1209 500 
621 1209 1227 
824 628 35 
324 883 793 
1211 300 424 
1211 946 144 
1108 128 553 
1213 93 707 
1213 70 333 
1240 334 907 
334 1165 648 
1215 340 100 
1215 238 1003 
228 404 812 
274 617 344 
1217 426 43 
1217 345 618 
761 345 43 
815 6 38 
1219 350 623 
1219 689 978 
993 483 772 
993 354 627 
1221 138 684 
1221 118 360 
1222 361 1164 
1222 1057 418 
1223 371 186 
1223 876 1186 
280 1224 649 
1224 803 1188 
727 812 1141 
1225 250 880 
1226 193 653 
1226 192 379 
136 382 910 
382 1237 703 
661 391 202 
661 143 820 
1218 758 1132 
765 586 873 
1117 801 306 
1199 755 1125 
667 1228 770 
1232 407 1175 
402 671 215 
1233 291 599 
1233 985 228 
1162 1234 293 
1234 1162 1240 
1235 885 53 
1235 678 197 
680 410 160 
776 20 1131 
776 410 680 
848 33 1032 
1238 415 296 
1238 20 680 
1239 431 701 
1239 789 1149 
194 433 1180 
703 68 1072 
1241 235 951 
1241 924 739 
858 348 170 
1242 605 1090 
1243 666 899 
1243 900 397 
-3 -3 -3 