1721
0.000000e+00 0.000000e+00 1 
1.000000e+00 0.000000e+00 1 
4.370322e-01 4.939103e-01 0 
1.000000e+00 1.000000e+00 1 
0.000000e+00 1.000000e+00 1 
1.452943e-01 4.983295e-01 0 
5.000000e-01 0.000000e+00 1 
1.000000e+00 5.000000e-01 1 
5.034375e-01 1.000000e+00 1 
0.000000e+00 5.031250e-01 1 
2.866599e-01 5.008603e-01 0 
3.891368e-01 2.554768e-01 0 
7.172179e-01 2.511154e-01 0 
7.147241e-01 7.399933e-01 0 
7.640634e-02 7.491405e-01 0 
7.527325e-02 2.577295e-01 0 
3.948591e-01 7.555028e-01 0 
6.059354e-01 1.202448e-01 0 
1.000000e+00 2.562813e-01 1 
7.500000e-01 1.000000e+00 1 
0.000000e+00 7.468750e-01 1 
3.413556e-01 6.120653e-02 0 
7.109811e-01 3.199809e-01 0 
5.767857e-01 3.707429e-01 0 
2.531250e-01 1.000000e+00 1 
3.535044e-02 3.777158e-01 0 
1.815591e-01 3.702774e-01 0 
1.111979e-01 6.263021e-01 0 
8.588057e-01 6.183870e-01 0 
5.514102e-01 7.455208e-01 0 
5.914793e-01 2.498722e-01 0 
8.628467e-01 1.333701e-01 0 
8.572086e-01 8.818750e-01 0 
3.220510e-02 8.730955e-01 0 
1.919616e-01 2.472203e-01 0 
3.822044e-01 5.587208e-01 0 
4.282706e-01 3.839073e-01 0 
7.892959e-01 4.348145e-01 0 
3.238260e-01 8.778218e-01 0 
1.089231e-01 3.667873e-01 0 
2.049385e-01 5.625174e-01 0 
2.496875e-01 0.000000e+00 1 
7.026833e-01 6.881256e-01 0 
7.468750e-01 0.000000e+00 1 
6.577523e-01 8.663154e-01 0 
1.000000e+00 7.500000e-01 1 
4.922960e-02 6.868164e-01 0 
2.102200e-01 6.969247e-01 0 
6.959847e-01 4.503900e-01 0 
0.000000e+00 2.437156e-01 1 
4.770523e-01 7.397228e-01 0 
4.423350e-01 1.292243e-01 0 
1.000000e+00 3.812813e-01 1 
3.964383e-02 1.268403e-01 0 
7.279179e-02 4.982099e-01 0 
6.587827e-01 1.833306e-01 0 
1.000000e+00 1.250000e-01 1 
8.750000e-01 1.000000e+00 1 
0.000000e+00 8.749688e-01 1 
2.924271e-01 1.905803e-01 0 
3.118631e-01 5.784030e-01 0 
4.997203e-01 3.093818e-01 0 
7.507209e-01 5.677491e-01 0 
3.974291e-01 8.097762e-01 0 
9.194966e-02 3.141513e-01 0 
1.788441e-01 3.154255e-01 0 
1.377792e-01 5.566353e-01 0 
3.490518e-01 4.426544e-01 0 
1.246875e-01 0.000000e+00 1 
8.186848e-01 7.589802e-01 0 
6.250000e-01 0.000000e+00 1 
6.347521e-01 7.503662e-01 0 
1.000000e+00 6.218750e-01 1 
9.457650e-02 6.826694e-01 0 
3.004336e-01 7.142593e-01 0 
2.209963e-01 4.975306e-01 0 
0.000000e+00 3.753125e-01 1 
4.126493e-01 6.892243e-01 0 
1.753992e-01 8.769262e-01 0 
5.340261e-01 1.212505e-01 0 
8.823149e-01 3.440418e-01 0 
6.250000e-01 1.000000e+00 1 
0.000000e+00 6.278437e-01 1 
7.429818e-01 7.822393e-02 0 
4.738531e-01 4.689846e-01 0 
5.977486e-01 7.187496e-01 0 
5.102059e-02 8.099009e-01 0 
6.176247e-02 4.388494e-01 0 
2.985214e-02 2.477866e-01 0 
1.557912e-01 4.386256e-01 0 
5.693131e-01 8.132356e-01 0 
6.378467e-01 3.219292e-01 0 
8.124382e-01 6.227871e-02 0 
7.547035e-01 8.630404e-01 0 
9.229163e-01 8.171722e-01 0 
1.218750e-01 1.000000e+00 1 
3.204117e-01 3.473429e-01 0 
9.005181e-01 4.573282e-01 0 
3.750000e-01 1.000000e+00 1 
2.057287e-01 6.212330e-01 0 
3.750000e-01 0.000000e+00 1 
5.502510e-02 5.560142e-01 0 
0.000000e+00 1.250000e-01 1 
9.179342e-01 1.421299e-01 0 
9.259611e-01 6.384815e-02 0 
9.259638e-01 9.362725e-01 0 
2.163883e-02 9.267984e-01 0 
3.087948e-01 2.646302e-01 0 
3.355515e-01 5.342746e-01 0 
4.054791e-01 3.154628e-01 0 
2.145125e-02 4.002243e-01 0 
3.136100e-01 8.071273e-01 0 
1.262333e-01 7.781568e-01 0 
1.462855e-01 3.411456e-01 0 
1.791234e-01 5.273904e-01 0 
4.245319e-01 4.359041e-01 0 
1.681031e-01 6.901357e-02 0 
6.978256e-01 4.241471e-01 0 
5.724379e-01 5.951024e-02 0 
7.997850e-01 2.722154e-01 0 
9.263272e-01 5.611115e-01 0 
8.664540e-02 7.325910e-01 0 
2.508500e-01 6.748767e-01 0 
5.270120e-01 5.328280e-01 0 
4.812031e-01 1.662325e-01 0 
4.365328e-01 7.255132e-01 0 
2.859177e-01 9.417443e-01 0 
4.685682e-01 6.996162e-02 0 
7.052300e-01 9.407552e-02 0 
9.498753e-01 2.965066e-01 0 
8.006155e-01 8.458000e-01 0 
0.000000e+00 6.871875e-01 1 
2.044315e-01 8.785838e-01 0 
2.765076e-01 9.516947e-02 0 
4.395970e-01 5.156265e-01 0 
1.579789e-01 6.555990e-01 0 
5.856203e-01 3.121703e-01 0 
6.542403e-01 6.995603e-01 0 
1.889945e-01 7.779158e-01 0 
2.888349e-02 4.973505e-01 0 
5.667025e-02 2.805887e-01 0 
2.492907e-01 3.255041e-01 0 
1.103540e-01 4.672214e-01 0 
2.552512e-01 5.891803e-01 0 
7.541086e-02 6.002702e-01 0 
7.516057e-01 3.423533e-01 0 
8.983806e-01 7.154018e-01 0 
3.363993e-01 1.041600e-01 0 
6.137015e-01 5.168762e-01 0 
5.152426e-01 2.143825e-01 0 
7.635354e-01 1.573270e-01 0 
8.048207e-01 9.250373e-01 0 
4.677583e-02 8.434442e-01 0 
8.198638e-02 8.873696e-01 0 
1.526380e-01 1.797341e-01 0 
4.917397e-01 3.933047e-01 0 
3.745122e-01 9.054437e-01 0 
1.367757e-01 2.782792e-01 0 
3.761117e-01 1.548233e-01 0 
5.940737e-01 7.490034e-01 0 
8.750000e-01 0.000000e+00 1 
9.125905e-01 6.313104e-01 0 
1.000000e+00 8.750000e-01 1 
3.446859e-02 7.521744e-01 0 
8.317447e-02 6.586249e-01 0 
3.489686e-01 7.320046e-01 0 
2.103612e-01 4.132582e-01 0 
2.310982e-02 1.973135e-01 0 
3.754234e-01 6.544229e-01 0 
6.023759e-01 1.853167e-01 0 
8.933108e-01 4.026379e-01 0 
7.766394e-02 4.040344e-01 0 
1.000000e+00 1.913125e-01 1 
2.434282e-01 5.341364e-01 0 
7.653311e-01 6.224610e-01 0 
6.762402e-01 4.106861e-01 0 
1.586787e-01 5.977412e-01 0 
1.002245e-01 5.299488e-01 0 
3.314929e-01 3.908837e-01 0 
6.843750e-01 0.000000e+00 1 
1.000000e+00 6.906250e-01 1 
1.905697e-01 4.696180e-01 0 
0.000000e+00 3.125000e-01 1 
1.906250e-01 1.000000e+00 1 
5.656250e-01 1.000000e+00 1 
0.000000e+00 5.625000e-01 1 
5.199438e-02 1.860170e-01 0 
1.000000e+00 4.437500e-01 1 
0.000000e+00 6.250000e-02 1 
6.281685e-01 2.205913e-01 0 
1.000000e+00 6.250000e-02 1 
9.375000e-01 1.000000e+00 1 
0.000000e+00 9.406250e-01 1 
3.428700e-01 2.192118e-01 0 
3.520756e-01 5.595787e-01 0 
4.508063e-01 2.877384e-01 0 
7.689874e-01 4.952099e-01 0 
3.071784e-01 7.634708e-01 0 
1.001802e-01 3.419570e-01 0 
1.815796e-01 3.424376e-01 0 
1.785706e-01 5.552625e-01 0 
3.972152e-01 4.665934e-01 0 
5.528552e-01 6.086863e-01 0 
7.084876e-01 7.142451e-01 0 
6.202177e-01 6.379060e-02 0 
6.265360e-01 8.152289e-01 0 
1.000000e+00 5.628125e-01 1 
5.810183e-02 7.342418e-01 0 
2.529243e-01 7.019282e-01 0 
2.602656e-01 4.976484e-01 0 
7.763323e-01 7.883890e-01 0 
5.572814e-01 5.635847e-01 0 
2.358574e-01 9.781407e-01 0 
5.271552e-01 5.970269e-02 0 
7.830244e-01 1.076794e-01 0 
1.000000e+00 3.187813e-01 1 
6.843750e-01 1.000000e+00 1 
4.980173e-01 5.323403e-01 0 
2.356353e-01 7.227453e-01 0 
2.366457e-01 1.514162e-01 0 
4.125136e-01 5.385073e-01 0 
1.717919e-01 7.196869e-01 0 
5.393196e-01 3.356548e-01 0 
1.502768e-01 8.343771e-01 0 
2.669003e-02 4.692773e-01 0 
4.962615e-02 2.598099e-01 0 
2.176512e-01 2.867576e-01 0 
1.509393e-01 4.684883e-01 0 
3.018585e-01 6.051816e-01 0 
9.537642e-02 5.595292e-01 0 
8.068386e-01 2.965255e-01 0 
8.704333e-01 7.972680e-01 0 
4.070496e-01 8.902695e-02 0 
5.962590e-01 4.456586e-01 0 
6.248665e-01 2.869302e-01 0 
9.526537e-01 2.699335e-01 0 
6.802590e-01 1.355763e-01 0 
7.555341e-01 9.360451e-01 0 
5.076636e-01 5.791301e-01 0 
1.538086e-01 9.409180e-01 0 
2.920999e-01 3.540522e-01 0 
1.419134e-01 2.329108e-01 0 
3.187313e-01 4.737817e-01 0 
4.999127e-01 7.018946e-01 0 
4.643512e-01 4.186746e-01 0 
3.021354e-01 4.320313e-01 0 
7.749990e-01 3.931885e-01 0 
8.717880e-01 5.424995e-01 0 
3.312970e-01 9.740263e-01 0 
8.437528e-02 2.865263e-01 0 
8.483617e-02 4.545377e-01 0 
1.837150e-01 4.986896e-01 0 
2.292731e-01 5.779115e-01 0 
3.251228e-01 1.228500e-01 0 
5.714266e-01 7.315469e-01 0 
5.997517e-01 6.094182e-01 0 
8.125000e-01 0.000000e+00 1 
7.208726e-01 7.658839e-01 0 
5.933968e-01 9.077700e-01 0 
1.000000e+00 8.125000e-01 1 
4.447054e-02 6.328767e-01 0 
3.753919e-01 7.679112e-01 0 
1.351955e-01 6.131307e-01 0 
2.008054e-01 4.415501e-01 0 
3.660517e-01 3.613955e-01 0 
0.000000e+00 1.840625e-01 1 
3.819073e-01 6.070008e-01 0 
5.238725e-01 8.369049e-01 0 
5.114076e-01 8.548989e-01 0 
3.093750e-01 0.000000e+00 1 
8.416323e-01 4.481496e-01 0 
4.491748e-02 1.551777e-01 0 
4.962372e-02 3.998403e-01 0 
6.265036e-02 5.279325e-01 0 
5.995827e-01 1.550109e-01 0 
7.390983e-01 2.022752e-01 0 
3.214616e-01 1.999987e-01 0 
8.690994e-01 9.322445e-01 0 
0.000000e+00 8.121932e-01 1 
4.228419e-01 1.814565e-01 0 
2.771025e-01 5.529554e-01 0 
4.903208e-01 1.212368e-01 0 
7.969547e-01 5.654703e-01 0 
4.622545e-01 9.049628e-01 0 
2.397123e-02 3.554624e-01 0 
1.589013e-01 2.979122e-01 0 
1.027937e-01 4.984572e-01 0 
1.875000e-01 0.000000e+00 1 
7.432086e-01 6.580511e-01 0 
8.427183e-01 7.078563e-01 0 
6.878608e-01 4.670461e-02 0 
6.743301e-01 7.521024e-01 0 
9.402722e-01 6.738036e-01 0 
1.045514e-01 6.528045e-01 0 
2.167808e-01 8.589981e-01 0 
3.614014e-01 6.950529e-01 0 
2.433123e-01 8.291427e-01 0 
2.186945e-01 5.300591e-01 0 
2.997859e-02 2.978269e-01 0 
4.598565e-01 4.941341e-01 0 
9.468750e-01 3.593750e-01 0 
5.532395e-01 9.569516e-01 0 
2.783565e-02 5.960287e-01 0 
1.114604e-01 6.730761e-02 0 
6.921988e-01 6.300644e-01 0 
3.735244e-02 7.851098e-01 0 
1.077074e-01 8.812585e-01 0 
4.107190e-02 2.063535e-01 0 
1.378323e-01 3.732148e-01 0 
5.846148e-01 7.819872e-01 0 
6.779442e-01 2.771246e-01 0 
6.620504e-01 3.619560e-01 0 
8.682865e-01 6.727038e-02 0 
7.091835e-01 8.676644e-01 0 
9.287994e-01 8.749142e-01 0 
6.753539e-02 9.103865e-01 0 
3.094313e-01 3.046614e-01 0 
9.489609e-01 4.201151e-01 0 
3.066684e-01 9.026780e-01 0 
2.371345e-01 6.517749e-01 0 
1.821980e-01 6.376755e-01 0 
4.245228e-01 1.107720e-01 0 
9.219156e-02 6.117555e-01 0 
0.000000e+00 9.375000e-02 1 
6.250000e-02 1.000000e+00 1 
4.590436e-01 3.464879e-01 0 
3.550280e-01 8.459607e-01 0 
6.508508e-02 3.803470e-01 0 
1.405762e-01 5.279602e-01 0 
3.822222e-01 4.095611e-01 0 
2.277767e-01 7.343110e-02 0 
8.070740e-01 8.709309e-01 0 
5.593750e-01 0.000000e+00 1 
9.538210e-01 4.769164e-01 0 
3.207736e-01 6.747463e-01 0 
5.764428e-01 9.496544e-01 0 
3.998332e-01 7.125476e-01 0 
4.375000e-01 0.000000e+00 1 
0.000000e+00 6.562500e-01 1 
6.250000e-02 0.000000e+00 1 
5.462765e-01 2.827728e-01 0 
6.163138e-01 7.365388e-01 0 
2.242071e-02 5.215705e-01 0 
2.247683e-01 3.636442e-01 0 
9.524588e-01 7.295058e-01 0 
8.125000e-01 1.000000e+00 1 
9.943575e-02 1.842448e-01 0 
4.375000e-01 1.000000e+00 1 
9.375000e-01 0.000000e+00 1 
1.000000e+00 9.375000e-01 1 
1.000000e+00 2.256250e-01 1 
1.351465e-01 8.500672e-01 0 
9.607526e-01 3.690907e-02 0 
9.607604e-01 9.630551e-01 0 
2.084903e-02 9.556981e-01 0 
3.472806e-01 2.586538e-01 0 
3.248796e-01 5.577965e-01 0 
4.543675e-01 3.149632e-01 0 
8.083904e-01 4.761646e-01 0 
3.246211e-01 7.230240e-01 0 
8.243847e-02 3.604685e-01 0 
1.621810e-01 3.634877e-01 0 
1.962201e-01 5.377586e-01 0 
3.875000e-01 4.375000e-01 0 
1.385125e-01 1.036845e-01 0 
7.274642e-01 6.969748e-01 0 
5.933253e-01 9.494044e-02 0 
6.679235e-01 8.414102e-01 0 
9.622864e-01 5.272262e-01 0 
2.307300e-01 6.993442e-01 0 
2.691008e-01 4.753673e-01 0 
4.141118e-01 7.363528e-01 0 
2.646623e-01 9.759312e-01 0 
4.822635e-01 2.741528e-02 0 
7.350022e-01 1.251491e-01 0 
9.748378e-01 2.759398e-01 0 
7.171962e-01 9.651088e-01 0 
2.591494e-02 6.939569e-01 0 
6.597775e-02 8.983613e-02 0 
2.358990e-01 1.116520e-01 0 
4.179839e-01 5.104365e-01 0 
1.681227e-01 6.861367e-01 0 
5.428396e-01 3.093792e-01 0 
6.914037e-01 7.328800e-01 0 
1.824455e-01 8.285064e-01 0 
5.859944e-02 4.602295e-01 0 
2.185953e-01 3.386050e-01 0 
1.273111e-01 4.833399e-01 0 
2.823886e-01 5.779650e-01 0 
7.045521e-02 5.765325e-01 0 
8.282160e-01 3.650711e-01 0 
9.119853e-01 7.649703e-01 0 
5.349025e-01 7.633547e-01 0 
5.446659e-01 4.928226e-01 0 
6.150661e-01 3.125902e-01 0 
4.291936e-01 2.340102e-01 0 
8.828584e-01 2.793509e-01 0 
7.858151e-01 9.621587e-01 0 
8.414931e-01 8.359375e-01 0 
1.105103e-01 9.696855e-01 0 
2.784730e-01 3.154538e-01 0 
1.716079e-01 2.238757e-01 0 
3.558633e-01 4.695016e-01 0 
5.452247e-01 7.180907e-01 0 
4.881730e-01 4.216188e-01 0 
2.600619e-01 4.262652e-01 0 
7.676929e-01 4.408250e-01 0 
8.980680e-01 5.903466e-01 0 
3.083132e-01 9.302691e-01 0 
9.185927e-02 8.392254e-01 0 
1.059028e-01 2.656250e-01 0 
9.199491e-02 4.775710e-01 0 
1.624399e-01 5.131392e-01 0 
2.302593e-01 6.040766e-01 0 
3.333853e-01 1.772589e-01 0 
6.609759e-01 5.759481e-01 0 
7.793866e-01 3.809336e-02 0 
6.751530e-01 7.799281e-01 0 
5.654647e-01 8.679016e-01 0 
9.605634e-01 7.847669e-01 0 
6.242037e-02 6.479502e-01 0 
3.715729e-01 7.424992e-01 0 
1.580350e-01 6.264501e-01 0 
2.301763e-01 4.345077e-01 0 
8.213717e-01 8.199959e-01 0 
9.481281e-01 2.163450e-01 0 
3.727369e-01 6.314811e-01 0 
5.189108e-01 8.123863e-01 0 
5.988697e-01 2.183359e-01 0 
2.998534e-01 4.651016e-02 0 
1.829850e-01 1.515463e-01 0 
2.385325e-02 1.703062e-01 0 
6.297931e-02 4.186268e-01 0 
4.011102e-02 5.380322e-01 0 
6.418232e-01 1.470631e-01 0 
8.067598e-01 1.605575e-01 0 
9.581332e-01 1.584098e-01 0 
5.891416e-01 9.343042e-01 0 
0.000000e+00 8.406253e-01 1 
2.472343e-01 2.197098e-01 0 
3.821060e-01 2.031325e-01 0 
3.661751e-01 5.829031e-01 0 
2.637243e-01 5.188010e-01 0 
5.100975e-01 1.664478e-01 0 
5.311203e-01 3.807392e-01 0 
7.539814e-01 5.972418e-01 0 
6.889046e-01 5.066126e-01 0 
4.840365e-01 7.660313e-01 0 
4.278995e-01 8.542982e-01 0 
5.266941e-02 3.547646e-01 0 
1.680160e-01 2.702973e-01 0 
1.192469e-01 3.253180e-01 0 
1.998103e-01 3.005284e-01 0 
1.582773e-01 5.700051e-01 0 
8.467712e-02 5.184331e-01 0 
3.816176e-01 5.330526e-01 0 
3.253995e-01 4.341670e-01 0 
1.414835e-01 2.596805e-02 0 
7.588459e-01 2.195439e-01 0 
8.649057e-01 7.481827e-01 0 
6.582603e-01 7.680516e-02 0 
5.969736e-01 8.095150e-01 0 
6.419128e-01 7.256302e-01 0 
9.559452e-01 6.465560e-01 0 
9.959183e-02 7.127448e-01 0 
3.850093e-01 6.923782e-01 0 
2.828882e-01 8.508639e-01 0 
2.387910e-01 5.100555e-01 0 
2.043617e-01 4.852332e-01 0 
6.105019e-02 3.076222e-01 0 
2.005703e-01 9.513637e-01 0 
2.786778e-01 7.299020e-01 0 
5.302072e-01 9.129810e-02 0 
5.418313e-01 1.698501e-01 0 
9.739504e-01 4.004174e-01 0 
7.684792e-01 2.638363e-01 0 
5.660302e-01 9.253139e-01 0 
0.000000e+00 5.968437e-01 1 
4.313417e-01 6.301059e-01 0 
8.184523e-02 1.361607e-01 0 
4.226650e-01 4.092366e-01 0 
6.244856e-01 6.634617e-01 0 
4.732991e-01 7.107429e-01 0 
6.302460e-02 7.662948e-01 0 
0.000000e+00 4.375000e-01 1 
1.168087e-01 3.885046e-01 0 
5.914084e-02 2.151644e-01 0 
1.549963e-01 4.132752e-01 0 
1.751594e-01 4.529847e-01 0 
6.168943e-01 7.659639e-01 0 
4.810981e-01 9.527065e-01 0 
6.510352e-01 2.813368e-01 0 
7.754202e-01 8.414489e-01 0 
6.667798e-01 2.610012e-02 0 
9.016522e-01 9.756642e-02 0 
6.702280e-01 5.196216e-01 0 
7.945709e-01 7.181648e-01 0 
8.783003e-01 6.676195e-01 0 
9.000052e-01 9.058851e-01 0 
3.836231e-01 7.642449e-02 0 
3.912182e-01 3.619792e-01 0 
8.584989e-01 4.923944e-01 0 
9.759757e-01 4.597537e-01 0 
3.507372e-01 8.930998e-01 0 
4.502107e-01 8.132324e-02 0 
8.739693e-02 6.356996e-01 0 
1.183731e-01 5.432453e-01 0 
1.961503e-02 1.121744e-01 0 
6.830419e-01 2.177964e-01 0 
8.439412e-01 3.161525e-02 0 
7.789084e-01 7.370865e-01 0 
9.641532e-01 8.440638e-01 0 
4.031761e-01 2.846943e-01 0 
4.328395e-01 3.571304e-01 0 
8.319274e-01 5.514017e-01 0 
3.350836e-01 8.258412e-01 0 
0.000000e+00 3.409344e-01 1 
1.235145e-01 3.513204e-01 0 
4.479359e-01 4.510087e-01 0 
2.084604e-01 3.833135e-02 0 
7.395371e-01 8.140174e-01 0 
5.420389e-01 2.838439e-02 0 
7.170730e-02 7.045957e-01 0 
5.449850e-01 5.426660e-01 0 
2.799535e-01 6.684566e-01 0 
1.867335e-02 4.271431e-01 0 
5.968659e-01 4.166020e-01 0 
2.671437e-01 9.518932e-01 0 
3.156250e-01 1.000000e+00 1 
4.676732e-01 1.246257e-01 0 
9.230958e-01 3.116089e-01 0 
9.701967e-01 2.441217e-01 0 
6.505960e-01 9.117274e-01 0 
2.091461e-02 6.438286e-01 0 
4.989958e-02 2.807965e-02 0 
4.848900e-01 5.991644e-01 0 
1.323728e-01 6.446403e-01 0 
5.867038e-01 2.803474e-01 0 
1.654960e-01 7.706167e-01 0 
2.401719e-01 7.873856e-01 0 
4.609520e-02 5.106076e-01 0 
2.646322e-01 2.741699e-01 0 
2.656889e-01 3.656353e-01 0 
3.292257e-01 6.505569e-01 0 
2.288892e-01 5.533517e-01 0 
9.384185e-02 5.863995e-01 0 
7.627119e-01 3.646778e-01 0 
3.614501e-01 2.988752e-01 0 
5.137399e-01 2.576785e-01 0 
8.331685e-01 9.811573e-02 0 
8.408211e-01 9.650654e-01 0 
2.451837e-02 8.192257e-01 0 
1.262418e-01 8.926725e-01 0 
1.271144e-01 2.140218e-01 0 
4.885474e-01 3.503412e-01 0 
3.810261e-01 8.358095e-01 0 
4.103247e-01 9.548212e-01 0 
1.598634e-01 3.226065e-01 0 
3.800624e-01 1.016601e-01 0 
4.856526e-01 5.654446e-01 0 
9.643185e-01 9.052655e-01 0 
2.757809e-02 7.258067e-01 0 
6.725320e-01 4.367923e-01 0 
1.801883e-01 4.192212e-01 0 
2.029839e-01 3.649219e-01 0 
2.161705e-02 1.415939e-01 0 
7.008066e-01 6.019588e-01 0 
6.316706e-01 1.856238e-01 0 
9.215912e-01 3.853332e-01 0 
1.320561e-01 4.539960e-01 0 
6.973714e-01 6.610595e-01 0 
2.056817e-01 5.929828e-01 0 
1.141941e-01 5.989736e-01 0 
3.116007e-01 3.708846e-01 0 
3.587560e-01 4.015345e-01 0 
7.265385e-01 2.511374e-02 0 
9.480344e-01 7.016711e-01 0 
0.000000e+00 2.812500e-01 1 
5.284029e-01 9.775485e-01 0 
0.000000e+00 5.312500e-01 1 
9.246671e-01 4.391223e-01 0 
0.000000e+00 3.437500e-02 1 
9.643047e-01 9.398408e-02 0 
0.000000e+00 9.093750e-01 1 
3.267441e-01 5.984279e-01 0 
7.841368e-01 5.448983e-01 0 
3.336375e-01 7.666253e-01 0 
1.588487e-01 5.420626e-01 0 
1.823842e-01 9.765587e-02 0 
1.325880e-01 1.584689e-01 0 
7.338712e-01 7.193785e-01 0 
5.962250e-01 2.615340e-02 0 
1.000000e+00 5.906563e-01 1 
2.430522e-01 4.831578e-01 0 
3.992999e-01 7.813450e-01 0 
2.218750e-01 1.000000e+00 1 
9.742504e-01 3.385780e-01 0 
6.562500e-01 1.000000e+00 1 
0.000000e+00 7.155938e-01 1 
2.820433e-01 1.432161e-01 0 
5.805129e-01 3.424940e-01 0 
4.059768e-02 4.209019e-01 0 
3.031821e-02 2.763193e-01 0 
1.680699e-01 4.835022e-01 0 
2.548844e-01 6.344033e-01 0 
7.709785e-02 5.463141e-01 0 
8.876448e-01 8.433849e-01 0 
4.993195e-01 7.489600e-01 0 
7.076740e-01 1.714703e-01 0 
7.856721e-01 9.101703e-01 0 
5.703170e-02 8.703097e-01 0 
1.562500e-01 1.000000e+00 1 
3.110507e-01 5.177531e-01 0 
8.733863e-01 4.220744e-01 0 
9.108134e-01 5.105524e-01 0 
9.785350e-02 7.634343e-01 0 
2.005302e-01 5.127179e-01 0 
2.541667e-01 5.625000e-01 0 
5.720061e-01 7.562152e-01 0 
5.227183e-01 5.103028e-01 0 
2.204496e-01 4.643917e-01 0 
5.510818e-01 2.333099e-01 0 
3.406875e-01 0.000000e+00 1 
0.000000e+00 7.778125e-01 1 
5.025968e-01 8.331098e-01 0 
3.183628e-02 3.285849e-01 0 
1.224289e-01 5.135468e-01 0 
3.429481e-01 6.785591e-01 0 
5.937500e-01 1.000000e+00 1 
4.062500e-01 0.000000e+00 1 
1.000000e+00 7.218750e-01 1 
6.155335e-01 2.427053e-01 0 
1.000000e+00 3.125000e-02 1 
9.687500e-01 1.000000e+00 1 
0.000000e+00 9.687500e-01 1 
3.251736e-01 2.421875e-01 0 
4.760202e-01 2.986773e-01 0 
6.976986e-01 5.395288e-01 0 
3.284696e-01 7.466198e-01 0 
3.721492e-01 4.539143e-01 0 
1.366234e-01 1.313736e-01 0 
5.969463e-01 6.821082e-02 0 
6.376567e-01 8.432516e-01 0 
1.000000e+00 5.312500e-01 1 
9.184282e-01 1.958230e-01 0 
5.126971e-01 2.989357e-02 0 
7.458708e-01 1.015911e-01 0 
1.000000e+00 2.877812e-01 1 
7.156250e-01 1.000000e+00 1 
4.687867e-02 7.091060e-01 0 
4.220762e-02 1.009954e-01 0 
2.539658e-01 1.307061e-01 0 
1.817002e-01 6.619203e-01 0 
5.205429e-01 3.214628e-01 0 
1.700051e-01 8.510229e-01 0 
3.831317e-02 4.492919e-01 0 
1.999214e-01 3.234613e-01 0 
7.466631e-01 4.159456e-01 0 
7.938887e-01 3.647215e-01 0 
8.868195e-01 7.566553e-01 0 
5.171875e-01 4.609375e-01 0 
6.029060e-01 2.946755e-01 0 
4.166804e-01 2.583815e-01 0 
9.115652e-01 2.640425e-01 0 
7.218789e-01 1.482940e-01 0 
7.419935e-01 9.758921e-01 0 
8.646890e-01 8.399740e-01 0 
1.566431e-01 9.669548e-01 0 
3.005556e-01 3.303590e-01 0 
1.653572e-01 2.452246e-01 0 
3.333247e-01 4.593679e-01 0 
5.728744e-01 7.068509e-01 0 
4.685617e-01 4.401812e-01 0 
2.818761e-01 4.484502e-01 0 
7.698972e-01 4.181846e-01 0 
8.446923e-01 5.932738e-01 0 
3.107194e-01 9.546949e-01 0 
6.579025e-01 3.394342e-01 0 
1.126227e-01 2.957819e-01 0 
3.054593e-01 1.553739e-01 0 
6.382136e-01 6.194825e-01 0 
7.812500e-01 0.000000e+00 1 
6.968819e-01 7.605699e-01 0 
5.675933e-01 8.961564e-01 0 
1.000000e+00 7.812500e-01 1 
6.692713e-02 6.740018e-01 0 
3.390172e-01 3.646194e-01 0 
3.475742e-01 6.321464e-01 0 
5.297555e-01 7.879510e-01 0 
5.740799e-01 2.276853e-01 0 
2.545562e-01 5.820388e-02 0 
8.951064e-01 2.485199e-01 0 
1.565066e-01 1.520274e-01 0 
6.191722e-01 1.407550e-01 0 
7.723795e-01 1.796071e-01 0 
9.626315e-01 1.246570e-01 0 
8.615087e-01 9.080048e-01 0 
2.069980e-02 8.502719e-01 0 
1.976115e-01 2.160982e-01 0 
4.066072e-01 2.172446e-01 0 
2.632554e-01 5.392216e-01 0 
6.014068e-01 3.601789e-01 0 
5.135065e-01 3.656055e-01 0 
7.734382e-01 5.753099e-01 0 
7.210169e-01 5.343805e-01 0 
4.602955e-01 7.582619e-01 0 
4.204089e-01 9.083931e-01 0 
1.954427e-01 2.753906e-01 0 
8.373673e-01 7.731089e-01 0 
3.151476e-01 4.110241e-01 0 
1.530938e-01 0.000000e+00 1 
7.644806e-01 6.751189e-01 0 
8.704203e-01 7.105346e-01 0 
6.405734e-01 4.227702e-02 0 
6.690152e-01 7.248821e-01 0 
1.000000e+00 6.562500e-01 1 
3.685163e-01 6.738718e-01 0 
2.695874e-01 8.265497e-01 0 
3.218948e-01 6.980851e-01 0 
3.373671e-01 3.037142e-01 0 
2.079740e-01 9.768821e-01 0 
2.765834e-01 7.080168e-01 0 
5.509632e-01 7.581884e-02 0 
5.298354e-01 1.903327e-01 0 
9.475846e-01 3.906007e-01 0 
7.464024e-01 2.432164e-01 0 
5.383703e-01 9.326364e-01 0 
2.416164e-02 6.169778e-01 0 
1.226578e-01 4.685954e-02 0 
5.952648e-02 1.392858e-01 0 
2.831442e-01 8.030492e-01 0 
4.986116e-01 7.258605e-01 0 
5.019521e-01 6.481375e-01 0 
8.001031e-02 7.932451e-01 0 
0.000000e+00 4.687500e-01 1 
1.066622e-01 4.105941e-01 0 
7.500844e-02 3.336967e-01 0 
5.548643e-02 2.374244e-01 0 
1.636485e-01 3.903629e-01 0 
8.159094e-01 3.471371e-01 0 
6.684805e-01 3.002286e-01 0 
6.452968e-01 3.796286e-01 0 
6.773711e-01 6.689379e-02 0 
8.980533e-01 6.724474e-02 0 
7.317441e-01 8.720252e-01 0 
8.239998e-01 7.310301e-01 0 
4.506800e-01 2.846526e-02 0 
9.282665e-01 9.060876e-01 0 
5.105931e-02 8.929219e-01 0 
4.026447e-01 3.910917e-01 0 
8.847488e-01 5.006403e-01 0 
9.510125e-01 4.488364e-01 0 
3.524704e-01 9.190967e-01 0 
2.549112e-01 6.140909e-01 0 
4.794944e-01 9.397330e-02 0 
6.881004e-01 2.534818e-01 0 
6.339908e-01 2.630919e-01 0 
8.940380e-01 1.302635e-01 0 
8.186600e-01 6.642321e-01 0 
8.679245e-01 9.672683e-01 0 
9.644779e-01 8.747485e-01 0 
6.238044e-02 9.557846e-01 0 
3.760210e-01 2.807454e-01 0 
2.741266e-01 2.510072e-01 0 
3.115222e-01 5.380943e-01 0 
3.982694e-01 5.203329e-01 0 
4.129936e-01 3.672214e-01 0 
3.681253e-01 2.582860e-01 0 
8.323253e-01 4.843919e-01 0 
8.081015e-01 5.463843e-01 0 
3.312980e-01 8.503964e-01 0 
2.260109e-01 8.091977e-01 0 
4.029878e-01 4.214116e-01 0 
4.471960e-01 4.725612e-01 0 
1.372986e-01 7.453726e-02 0 
1.976734e-01 7.518682e-02 0 
7.219344e-01 6.715740e-01 0 
7.725333e-01 7.642933e-01 0 
5.500574e-01 6.716558e-01 0 
5.719683e-01 3.002228e-02 0 
6.968701e-01 8.391784e-01 0 
9.364671e-01 6.207555e-01 0 
9.377170e-01 5.214844e-01 0 
1.467133e-01 7.070808e-01 0 
2.502097e-01 4.549877e-01 0 
2.967015e-01 4.742673e-01 0 
1.081714e-01 7.383309e-01 0 
4.255617e-01 7.090278e-01 0 
5.232837e-01 7.407181e-01 0 
2.840199e-01 9.191087e-01 0 
3.437500e-01 1.000000e+00 1 
4.489422e-01 1.051781e-01 0 
4.036823e-01 5.530138e-02 0 
6.654248e-01 1.569665e-01 0 
7.917801e-01 8.062165e-02 0 
9.503928e-01 3.256206e-01 0 
8.567011e-01 3.023047e-01 0 
6.509449e-01 9.539471e-01 0 
7.208393e-01 9.394014e-01 0 
4.045453e-02 6.633540e-01 0 
7.824109e-02 2.691581e-02 0 
8.958334e-02 7.812500e-02 0 
2.105139e-01 1.008942e-01 0 
3.185239e-01 2.333572e-02 0 
4.412217e-01 6.552376e-01 0 
1.406893e-01 6.766007e-01 0 
2.351157e-01 9.177187e-02 0 
5.653815e-01 2.952556e-01 0 
6.254364e-01 3.394036e-01 0 
6.238977e-01 7.088879e-01 0 
7.419495e-01 6.276203e-01 0 
1.795649e-01 7.492050e-01 0 
2.546686e-01 7.430096e-01 0 
4.932195e-02 4.803169e-01 0 
2.142136e-01 9.041567e-01 0 
2.444292e-01 3.514278e-01 0 
8.524904e-02 4.295084e-01 0 
3.051459e-01 6.607428e-01 0 
5.174907e-02 6.044455e-01 0 
7.862087e-01 3.145673e-01 0 
7.219563e-01 2.798816e-01 0 
8.053290e-01 6.898386e-01 0 
9.369978e-01 7.741998e-01 0 
5.570070e-01 7.731564e-01 0 
4.990389e-01 7.904916e-01 0 
5.236097e-01 6.682030e-01 0 
4.871124e-01 1.456186e-01 0 
7.128719e-01 4.791345e-02 0 
8.195506e-01 1.209314e-01 0 
6.968071e-01 1.978604e-01 0 
8.119045e-01 8.978702e-01 0 
8.132365e-01 9.632995e-01 0 
1.136398e-01 9.370143e-01 0 
1.269199e-01 1.882972e-01 0 
2.096022e-01 1.538926e-01 0 
4.745985e-01 3.726715e-01 0 
4.085748e-01 8.357884e-01 0 
9.381112e-02 2.464651e-01 0 
4.011325e-01 1.175651e-01 0 
3.533953e-01 1.929923e-01 0 
9.062500e-01 0.000000e+00 1 
6.217938e-01 9.072793e-01 0 
1.000000e+00 9.062500e-01 1 
1.578019e-02 7.930348e-01 0 
3.577257e-01 8.242188e-01 0 
3.715948e-01 7.162835e-01 0 
2.188883e-01 3.868601e-01 0 
2.946037e-02 2.257508e-01 0 
4.543217e-01 5.624610e-01 0 
5.729991e-01 1.704649e-01 0 
6.436005e-01 2.019138e-01 0 
8.517984e-01 3.775889e-01 0 
1.091760e-01 4.400107e-01 0 
7.858639e-01 6.048579e-01 0 
6.425813e-01 4.787038e-01 0 
1.819037e-01 6.099064e-01 0 
3.651643e-01 4.267672e-01 0 
6.987093e-01 2.339003e-02 0 
9.259862e-01 7.216837e-01 0 
1.921343e-01 9.236335e-01 0 
5.529703e-01 9.820900e-01 0 
6.746024e-02 1.616972e-01 0 
2.891407e-02 5.219733e-02 0 
6.158598e-01 2.029949e-01 0 
9.639595e-01 6.462607e-02 0 
9.335734e-01 9.633397e-01 0 
3.615251e-01 5.403181e-01 0 
3.392006e-01 5.806713e-01 0 
7.292167e-01 4.830329e-01 0 
2.804794e-01 7.754278e-01 0 
1.819873e-01 5.822519e-01 0 
4.241041e-01 4.598981e-01 0 
3.621463e-01 4.935682e-01 0 
1.643783e-01 1.221410e-01 0 
6.375558e-01 1.873293e-02 0 
6.733073e-01 1.113281e-01 0 
6.501046e-01 7.977790e-01 0 
4.802244e-01 6.831986e-01 0 
4.561861e-01 7.316922e-01 0 
2.479583e-01 9.570215e-01 0 
1.000000e+00 3.502812e-01 1 
6.950302e-01 9.724268e-01 0 
2.150770e-02 8.335286e-02 0 
7.960572e-01 8.016835e-01 0 
5.578821e-01 3.525017e-01 0 
1.172886e-01 8.384159e-01 0 
1.800808e-01 2.920097e-01 0 
2.832817e-01 2.923602e-01 0 
3.273317e-01 6.209636e-01 0 
1.160431e-01 5.715766e-01 0 
8.419668e-01 2.163018e-01 0 
5.121379e-01 7.681994e-01 0 
5.098284e-01 4.087415e-01 0 
6.090829e-01 2.689897e-01 0 
8.882475e-01 3.122667e-01 0 
7.796149e-01 9.358965e-01 0 
1.477026e-01 8.880868e-01 0 
2.863162e-01 3.751270e-01 0 
1.475937e-01 2.560466e-01 0 
3.140942e-01 4.941995e-01 0 
4.436815e-01 4.267309e-01 0 
4.888266e-01 6.657813e-01 0 
1.259063e-01 2.535214e-01 0 
8.825256e-01 5.673091e-01 0 
3.713270e-01 9.606934e-01 0 
7.200930e-02 4.741511e-01 0 
3.324959e-01 8.352589e-02 0 
8.437500e-01 0.000000e+00 1 
7.383698e-01 7.435067e-01 0 
5.912770e-01 8.560327e-01 0 
9.628043e-01 8.140181e-01 0 
1.726368e-02 6.698338e-01 0 
3.070041e-01 8.519420e-01 0 
3.794769e-01 7.899358e-01 0 
3.423279e-01 8.030826e-01 0 
3.809954e-01 3.355947e-01 0 
3.534667e-01 6.069200e-01 0 
3.960613e-01 6.672893e-01 0 
5.655010e-01 8.411846e-01 0 
4.484679e-01 8.066662e-01 0 
8.973941e-01 4.303119e-01 0 
7.226447e-01 4.355572e-01 0 
6.231195e-01 1.656322e-01 0 
9.773715e-01 2.133756e-01 0 
4.006919e-01 1.679061e-01 0 
4.692127e-01 2.040172e-01 0 
4.934682e-01 5.952108e-02 0 
4.549023e-01 9.725702e-01 0 
2.187500e-01 0.000000e+00 1 
7.781670e-01 6.956985e-01 0 
7.532719e-01 3.344553e-02 0 
6.557660e-01 7.448685e-01 0 
9.716269e-01 6.778836e-01 0 
7.069150e-01 5.744051e-01 0 
3.448132e-01 7.078420e-01 0 
4.915869e-01 4.983725e-01 0 
8.881764e-01 6.189338e-01 0 
5.987821e-01 9.564928e-01 0 
5.047712e-01 9.675835e-01 0 
3.503612e-02 5.630091e-01 0 
4.484259e-02 5.827262e-01 0 
6.283382e-01 5.390508e-01 0 
6.768757e-01 6.795961e-01 0 
5.885636e-02 7.890326e-01 0 
1.797449e-02 7.663621e-01 0 
1.322222e-01 4.261897e-01 0 
6.198887e-01 7.895983e-01 0 
7.084689e-01 3.454878e-01 0 
6.692514e-01 8.917233e-01 0 
9.257839e-01 8.456452e-01 0 
2.569988e-01 2.995418e-01 0 
3.298611e-01 2.812500e-01 0 
1.000000e+00 4.127812e-01 1 
3.304718e-01 9.004403e-01 0 
2.567561e-01 8.902343e-01 0 
7.496441e-01 2.865452e-01 0 
4.217966e-02 9.746096e-01 0 
8.094190e-01 6.228551e-01 0 
4.701201e-01 3.977626e-01 0 
3.510522e-01 8.699920e-01 0 
9.276436e-02 3.852586e-01 0 
3.545355e-01 3.810176e-01 0 
4.788291e-01 6.280932e-01 0 
7.696923e-01 8.897287e-01 0 
1.000000e+00 4.718750e-01 1 
4.682185e-01 4.652685e-02 0 
9.748479e-01 7.101048e-01 0 
7.957150e-02 2.006952e-01 0 
4.062500e-01 1.000000e+00 1 
9.332465e-01 3.668299e-02 0 
9.638531e-01 9.349400e-01 0 
6.437399e-01 2.399268e-01 0 
9.687500e-01 0.000000e+00 1 
1.000000e+00 9.687500e-01 1 
4.795721e-01 3.255160e-01 0 
4.289792e-01 3.017307e-01 0 
7.943010e-01 4.572418e-01 0 
3.033435e-01 7.387975e-01 0 
1.583748e-01 9.294676e-02 0 
6.136029e-01 8.957384e-02 0 
9.781195e-01 4.881385e-01 0 
2.224317e-01 2.043538e-01 0 
4.684375e-01 0.000000e+00 1 
7.772799e-01 1.349089e-01 0 
9.748927e-01 3.072013e-01 0 
6.395073e-02 5.760207e-02 0 
5.223045e-01 2.967271e-01 0 
5.619260e-01 3.245759e-01 0 
1.673606e-01 8.023986e-01 0 
8.978765e-01 8.064632e-01 0 
6.399541e-01 3.021302e-01 0 
4.678467e-01 2.520606e-01 0 
7.812500e-01 1.000000e+00 1 
8.318167e-01 8.768021e-01 0 
9.375000e-02 1.000000e+00 1 
2.712798e-01 3.402961e-01 0 
1.506113e-01 2.055895e-01 0 
7.045568e-01 3.724241e-01 0 
2.307145e-01 6.290552e-01 0 
3.517699e-01 1.399161e-01 0 
7.263858e-01 6.000754e-01 0 
8.058248e-01 3.769491e-02 0 
7.019734e-01 7.881342e-01 0 
9.769670e-01 7.390679e-01 0 
3.531402e-01 7.559606e-01 0 
0.000000e+00 2.152812e-01 1 
2.780938e-01 0.000000e+00 1 
2.990500e-01 1.095822e-01 0 
7.415900e-01 5.218217e-01 0 
1.000000e+00 1.562500e-01 1 
2.231057e-01 1.774894e-01 0 
4.375875e-01 8.321925e-01 0 
2.678935e-01 1.799518e-01 0 
3.893157e-01 5.830110e-01 0 
2.866365e-01 5.293325e-01 0 
4.263284e-01 1.540701e-01 0 
5.660924e-01 5.400953e-01 0 
1.366946e-01 5.846771e-01 0 
3.410699e-01 4.162388e-01 0 
1.664991e-01 4.053859e-02 0 
9.736607e-01 3.697178e-01 0 
9.747264e-01 4.304365e-01 0 
9.375000e-02 0.000000e+00 1 
0.000000e+00 4.062500e-01 1 
1.354246e-01 4.004431e-01 0 
9.286941e-01 9.370880e-02 0 
8.573148e-01 9.093418e-02 0 
9.188701e-01 6.960073e-01 0 
8.980476e-01 9.340799e-01 0 
8.961031e-01 8.787956e-01 0 
2.345134e-02 8.983676e-01 0 
8.472849e-01 5.350911e-01 0 
8.702623e-01 4.479463e-01 0 
8.709794e-01 3.194774e-02 0 
9.062500e-01 1.000000e+00 1 
1.000000e+00 8.437500e-01 1 
5.281250e-01 0.000000e+00 1 
3.437500e-02 0.000000e+00 1 
5.664856e-01 2.612442e-01 0 
8.437500e-01 1.000000e+00 1 
1.929381e-01 3.908169e-01 0 
9.221134e-01 4.114263e-01 0 
7.153125e-01 0.000000e+00 1 
1.504259e-02 2.625270e-01 0 
5.347156e-01 1.000000e+00 1 
9.280040e-01 4.667153e-01 0 
1.000000e+00 9.375000e-02 1 
5.906250e-01 0.000000e+00 1 
9.791169e-01 1.938166e-02 0 
9.788314e-01 9.802522e-01 0 
3.479114e-01 2.387512e-01 0 
7.891495e-01 4.857684e-01 0 
1.181225e-01 1.147198e-01 0 
6.523137e-01 8.218938e-01 0 
9.813365e-01 5.162721e-01 0 
7.602327e-01 1.161659e-01 0 
1.472084e-01 5.138339e-02 0 
6.376560e-02 1.165530e-01 0 
2.578641e-01 1.056564e-01 0 
9.299849e-01 1.640870e-01 0 
8.910598e-01 7.814215e-01 0 
5.199522e-01 4.876838e-01 0 
4.448253e-01 2.598538e-01 0 
9.298801e-01 2.817102e-01 0 
7.540620e-01 1.375958e-01 0 
7.692014e-01 9.801526e-01 0 
7.927777e-01 8.245829e-01 0 
1.371008e-01 9.785258e-01 0 
4.943072e-01 4.500501e-01 0 
7.972547e-01 4.136089e-01 0 
8.538089e-01 5.652929e-01 0 
7.313190e-02 8.547174e-01 0 
3.119941e-01 1.764647e-01 0 
6.766474e-01 6.031608e-01 0 
7.672252e-01 1.669305e-02 0 
5.859386e-01 8.816946e-01 0 
9.800601e-01 7.675927e-01 0 
2.813686e-01 6.946014e-02 0 
1.734018e-01 1.731507e-01 0 
7.504099e-01 1.785629e-01 0 
9.413334e-01 1.370377e-01 0 
8.451462e-01 9.255354e-01 0 
2.215416e-01 2.337655e-01 0 
4.026012e-01 1.929442e-01 0 
5.129487e-01 3.881351e-01 0 
2.584454e-01 2.809701e-02 0 
7.253845e-01 5.078523e-01 0 
3.975260e-01 8.888409e-01 0 
7.700086e-01 6.487615e-01 0 
8.798543e-01 7.328545e-01 0 
6.610227e-01 5.207553e-02 0 
2.595419e-01 8.458487e-01 0 
7.255804e-01 5.563315e-01 0 
1.504361e-01 7.874285e-01 0 
5.554627e-01 1.990726e-01 0 
7.407399e-01 2.649190e-01 0 
5.410331e-01 9.051044e-01 0 
1.086900e-01 2.467348e-02 0 
6.116468e-01 6.353425e-01 0 
5.275708e-01 6.926230e-01 0 
4.533870e-01 2.386554e-01 0 
1.354167e-02 4.843750e-01 0 
5.517953e-02 3.310037e-01 0 
5.147692e-01 9.175887e-01 0 
6.766016e-01 3.822950e-01 0 
9.136584e-01 8.031152e-02 0 
7.458364e-01 8.930930e-01 0 
8.187068e-01 7.064788e-01 0 
8.673981e-01 6.427475e-01 0 
9.134272e-01 9.210600e-01 0 
3.781554e-01 3.843249e-01 0 
8.783413e-01 4.750018e-01 0 
3.282057e-01 9.204064e-01 0 
6.723601e-01 2.361514e-01 0 
8.747951e-01 1.085292e-01 0 
8.287203e-01 4.496973e-02 0 
8.884374e-01 9.794858e-01 0 
9.822777e-01 8.593400e-01 0 
6.258681e-02 9.765625e-01 0 
3.809004e-01 3.068897e-01 0 
2.701996e-01 2.045817e-01 0 
2.990654e-01 5.557578e-01 0 
5.799142e-01 6.670286e-01 0 
8.397073e-01 5.089452e-01 0 
5.622813e-01 6.484410e-01 0 
2.145083e-01 8.331151e-01 0 
1.872829e-01 5.084633e-02 0 
7.420893e-01 6.802652e-01 0 
7.536109e-01 7.896978e-01 0 
6.836002e-01 8.660223e-01 0 
7.471818e-01 4.994397e-01 0 
9.560617e-01 5.472463e-01 0 
2.974814e-01 6.877307e-01 0 
3.587578e-01 9.797645e-01 0 
4.194707e-01 2.604259e-02 0 
6.455672e-01 1.684307e-01 0 
7.661572e-01 9.007105e-02 0 
9.682220e-01 1.892786e-01 0 
6.803855e-01 9.196481e-01 0 
6.117455e-01 5.563894e-01 0 
2.902362e-01 2.351082e-02 0 
4.691731e-01 6.574907e-01 0 
1.185197e-01 6.700455e-01 0 
2.285841e-01 7.665480e-01 0 
2.202737e-01 2.616981e-01 0 
7.957256e-01 3.381144e-01 0 
6.992193e-01 2.968966e-01 0 
9.414946e-01 8.013769e-01 0 
5.968649e-01 3.890540e-01 0 
4.223384e-01 6.690009e-01 0 
5.023400e-01 2.360170e-01 0 
8.067708e-01 1.015625e-01 0 
6.710132e-01 1.998841e-01 0 
8.242832e-01 9.180496e-01 0 
8.270871e-01 9.830543e-01 0 
1.401615e-01 9.191864e-01 0 
3.448221e-01 3.386771e-02 0 
1.952618e-01 1.257530e-01 0 
4.301703e-01 5.592022e-01 0 
5.423265e-01 4.306537e-01 0 
4.445362e-01 9.240690e-01 0 
5.464164e-01 6.298144e-01 0 
3.531469e-01 1.660113e-01 0 
8.886612e-01 2.050984e-02 0 
6.119611e-01 8.806120e-01 0 
4.427083e-01 8.945313e-01 0 
9.822451e-01 8.904058e-01 0 
4.260088e-01 6.088210e-01 0 
3.537448e-01 6.526024e-01 0 
5.799440e-01 1.999460e-01 0 
8.575003e-01 3.539102e-01 0 
7.862237e-01 6.298513e-01 0 
7.187894e-01 6.449666e-01 0 
6.417755e-01 5.117805e-01 0 
2.876309e-01 4.166866e-01 0 
1.758886e-01 9.480231e-01 0 
7.803600e-01 2.036236e-01 0 
9.458739e-01 7.992630e-02 0 
9.078845e-01 9.586776e-01 0 
2.972749e-01 2.413695e-01 0 
3.643782e-01 2.114332e-01 0 
4.723818e-01 2.733077e-01 0 
7.926227e-01 5.171512e-01 0 
7.690141e-01 4.672471e-01 0 
3.014720e-01 7.863407e-01 0 
4.058169e-01 4.471386e-01 0 
3.776605e-01 4.809709e-01 0 
8.133280e-01 3.219072e-01 0 
6.803675e-01 9.035601e-02 0 
6.413155e-01 8.886634e-01 0 
2.710517e-01 6.879227e-01 0 
1.923555e-01 7.315328e-01 0 
1.567433e-02 4.513932e-01 0 
4.376644e-01 7.490160e-01 0 
5.086700e-01 1.070804e-01 0 
7.211312e-01 7.296425e-02 0 
8.315588e-01 1.463084e-01 0 
6.681663e-01 9.755262e-01 0 
2.255920e-02 2.268399e-02 0 
2.631446e-01 1.542083e-01 0 
1.761738e-01 1.976675e-01 0 
3.316327e-01 5.104057e-01 0 
2.309642e-01 7.458258e-01 0 
1.529170e-01 7.402194e-01 0 
5.165291e-01 3.443139e-01 0 
1.520008e-01 8.638725e-01 0 
2.880753e-01 2.685815e-01 0 
2.774134e-01 6.017782e-01 0 
5.735660e-01 5.898277e-01 0 
8.199362e-01 2.547912e-01 0 
8.774047e-01 8.649206e-01 0 
8.582112e-01 4.018112e-01 0 
6.461322e-01 4.492913e-01 0 
8.705037e-01 2.542238e-01 0 
9.052687e-01 2.913649e-01 0 
6.888304e-01 1.572606e-01 0 
6.582477e-01 1.295704e-01 0 
7.384756e-01 9.511431e-01 0 
7.620305e-01 9.143589e-01 0 
7.485390e-01 4.748188e-01 0 
4.025046e-01 9.328441e-01 0 
3.097468e-01 4.529452e-01 0 
4.696187e-01 5.432309e-01 0 
7.454147e-01 4.496188e-01 0 
8.407559e-01 1.695767e-01 0 
8.711746e-01 5.923378e-01 0 
8.904717e-01 5.257534e-01 0 
3.343473e-01 9.429821e-01 0 
3.057735e-01 9.791930e-01 0 
3.033991e-01 1.333958e-01 0 
4.577137e-01 9.470689e-01 0 
6.054547e-01 5.372487e-01 0 
8.260893e-01 1.811746e-02 0 
7.711822e-01 2.398520e-01 0 
6.090688e-01 8.350720e-01 0 
6.346879e-01 9.323521e-01 0 
9.442813e-01 8.301064e-01 0 
3.540252e-01 7.822587e-01 0 
4.099952e-01 3.419989e-01 0 
3.938259e-01 6.439759e-01 0 
5.406188e-01 8.550752e-01 0 
4.687700e-01 7.856511e-01 0 
5.447403e-01 4.524182e-01 0 
5.591936e-01 1.235260e-01 0 
1.260127e-01 8.675047e-01 0 
8.229600e-01 4.611689e-01 0 
1.091348e-01 1.381963e-01 0 
7.174700e-01 2.000019e-01 0 
9.816609e-01 1.093440e-01 0 
8.793328e-01 8.917375e-01 0 
8.549264e-01 9.483728e-01 0 
3.989783e-01 1.438925e-01 0 
4.446674e-01 1.948417e-01 0 
4.925550e-01 2.130874e-01 0 
5.077990e-01 8.231513e-02 0 
7.633556e-01 5.509521e-01 0 
8.155307e-01 5.993699e-01 0 
7.968336e-01 7.749233e-01 0 
4.825918e-01 9.785720e-01 0 
2.063352e-01 1.770225e-02 0 
7.533005e-01 6.992654e-01 0 
8.601203e-01 6.878248e-01 0 
6.562500e-01 0.000000e+00 1 
9.271203e-01 5.878132e-01 0 
2.935101e-01 8.756109e-01 0 
9.007571e-01 3.828892e-01 0 
5.797465e-01 9.749650e-01 0 
1.903881e-02 5.779846e-01 0 
6.033049e-01 6.593262e-01 0 
7.008876e-01 2.717000e-01 0 
6.845981e-01 3.246517e-01 0 
6.016085e-01 3.333674e-01 0 
7.331754e-01 3.622868e-01 0 
8.403504e-01 7.062036e-02 0 
8.839012e-01 4.865210e-02 0 
7.212365e-01 8.957550e-01 0 
7.111000e-01 8.143039e-01 0 
9.069767e-01 8.604639e-01 0 
9.463319e-01 8.900521e-01 0 
8.895676e-02 9.210802e-01 0 
3.533373e-01 2.802501e-01 0 
2.220273e-01 6.755446e-01 0 
4.191442e-01 1.313485e-01 0 
5.374449e-01 5.870859e-01 0 
4.518755e-01 3.766178e-01 0 
2.314397e-01 4.669252e-02 0 
7.816904e-01 8.665243e-01 0 
5.901636e-01 4.542020e-02 0 
9.322300e-01 4.940409e-01 0 
2.652258e-01 6.506169e-01 0 
9.267852e-02 5.082508e-02 0 
5.411330e-01 2.583772e-01 0 
2.441872e-01 3.789214e-01 0 
9.320599e-01 7.476830e-01 0 
8.017167e-01 9.458961e-01 0 
1.124432e-01 1.659474e-01 0 
4.220955e-01 9.767900e-01 0 
9.465884e-01 5.486775e-02 0 
9.466206e-01 9.450476e-01 0 
9.815964e-01 4.790345e-02 0 
9.499723e-01 1.750867e-02 0 
9.500518e-01 9.826268e-01 0 
9.814084e-01 9.517564e-01 0 
3.125000e-02 1.000000e+00 1 
3.070799e-01 2.847942e-01 0 
9.793784e-01 5.460144e-01 0 
1.903502e-01 7.063025e-01 0 
2.865381e-01 9.672441e-01 0 
5.129037e-01 5.990373e-01 0 
6.931567e-01 1.158717e-01 0 
6.995956e-01 9.441251e-01 0 
2.233589e-01 1.291731e-01 0 
8.314789e-01 2.369215e-01 0 
2.269214e-01 3.101256e-01 0 
8.306929e-01 3.065219e-01 0 
5.507618e-01 7.992100e-01 0 
5.965091e-01 4.729066e-01 0 
6.424226e-01 3.561464e-01 0 
4.054860e-01 2.383557e-01 0 
7.975876e-01 9.819834e-01 0 
8.253596e-01 8.513159e-01 0 
7.977631e-01 7.473223e-01 0 
7.482668e-01 3.857208e-01 0 
9.069256e-01 5.658529e-01 0 
5.224968e-01 5.575479e-01 0 
3.781203e-01 9.322528e-01 0 
5.383084e-01 4.065466e-01 0 
6.273403e-01 5.953788e-01 0 
7.953829e-01 1.789749e-02 0 
7.899177e-01 5.802729e-02 0 
8.791420e-01 1.551733e-01 0 
5.863558e-01 8.309621e-01 0 
9.813801e-01 7.976754e-01 0 
3.904383e-01 7.322437e-01 0 
8.578358e-01 2.747444e-01 0 
3.499227e-01 3.422844e-01 0 
5.446185e-01 8.261788e-01 0 
5.347409e-01 6.503508e-01 0 
2.473627e-01 1.708911e-01 0 
1.943448e-02 5.490578e-01 0 
6.288931e-01 1.041957e-01 0 
7.964044e-01 1.224894e-01 0 
8.068281e-01 2.002800e-01 0 
9.804474e-01 1.404242e-01 0 
1.069025e-01 7.918863e-01 0 
8.395731e-01 9.003605e-01 0 
3.858119e-01 2.266655e-01 0 
5.297574e-01 1.475320e-01 0 
4.579487e-01 1.525454e-01 0 
5.530290e-01 3.809429e-01 0 
7.328587e-01 5.792760e-01 0 
6.913009e-01 4.779945e-01 0 
1.384874e-01 3.087704e-01 0 
1.673711e-01 1.865219e-02 0 
8.620068e-01 7.723452e-01 0 
6.362544e-01 8.463746e-02 0 
9.794263e-01 6.020031e-01 0 
3.157946e-01 8.308217e-01 0 
2.626830e-01 9.127197e-01 0 
4.963025e-01 8.753447e-01 0 
2.334328e-01 8.806305e-01 0 
5.733556e-01 8.454106e-02 0 
7.940974e-01 2.464823e-01 0 
9.098516e-02 1.610733e-01 0 
6.435676e-01 6.443525e-01 0 
7.897616e-01 2.223364e-01 0 
4.522726e-01 7.068962e-01 0 
1.045302e-01 2.082950e-01 0 
5.276380e-01 9.553887e-01 0 
6.609754e-01 2.585153e-01 0 
6.155210e-01 3.969937e-02 0 
1.259271e-01 7.517192e-01 0 
9.215648e-01 1.182038e-01 0 
8.807615e-01 8.470360e-02 0 
7.589462e-01 7.460321e-01 0 
8.890390e-01 6.914968e-01 0 
8.815191e-01 9.166508e-01 0 
4.414617e-02 9.180024e-01 0 
8.875887e-01 1.861799e-01 0 
4.270122e-01 7.010885e-02 0 
6.893989e-02 6.221663e-01 0 
7.293995e-01 2.244877e-01 0 
8.574894e-01 1.588100e-02 0 
9.201095e-01 9.821531e-01 0 
9.821050e-01 8.282832e-01 0 
5.529127e-01 5.068771e-02 0 
2.846875e-01 1.000000e+00 1 
9.307234e-01 3.391464e-01 0 
4.093949e-01 5.699956e-01 0 
5.304596e-01 6.127025e-01 0 
4.482207e-01 5.563965e-02 0 
4.635864e-01 1.793222e-01 0 
2.484809e-01 2.499133e-01 0 
7.743367e-01 3.397951e-01 0 
7.003047e-01 3.984278e-01 0 
6.578170e-01 3.175051e-01 0 
4.997950e-01 2.818764e-01 0 
8.180358e-01 8.173831e-02 0 
8.465354e-01 1.163678e-01 0 
8.574386e-01 9.840862e-01 0 
1.690464e-01 9.054043e-01 0 
5.000868e-01 3.320313e-01 0 
3.723380e-01 8.853531e-01 0 
3.896132e-01 9.779484e-01 0 
9.200848e-01 1.799176e-02 0 
9.821081e-01 9.213038e-01 0 
0.000000e+00 1.562188e-01 1 
6.311387e-01 6.859193e-01 0 
4.923993e-01 9.280084e-01 0 
9.821920e-01 7.838194e-02 0 
3.253752e-01 7.848175e-01 0 
6.399062e-01 9.772351e-01 0 
3.066657e-01 6.348234e-01 0 
9.052051e-01 8.316393e-01 0 
5.189204e-01 7.158372e-01 0 
7.358333e-01 9.212198e-01 0 
7.910575e-01 8.872726e-01 0 
3.397891e-01 4.881291e-01 0 
6.104698e-01 9.774222e-01 0 
8.774958e-01 2.327277e-01 0 
3.277775e-01 2.616804e-01 0 
8.137255e-01 4.995034e-01 0 
8.340026e-01 6.394895e-01 0 
4.448130e-02 7.678771e-02 0 
2.788050e-01 1.196210e-01 0 
9.061131e-01 7.398323e-01 0 
4.282644e-01 2.778985e-01 0 
7.617169e-01 9.576061e-01 0 
8.792202e-01 8.210297e-01 0 
8.497874e-01 8.584278e-01 0 
1.353107e-01 9.520475e-01 0 
9.904942e-02 8.610229e-01 0 
2.871603e-01 1.666325e-01 0 
3.269290e-01 1.508275e-01 0 
5.863547e-01 5.555189e-01 0 
7.856430e-01 1.592714e-01 0 
9.457355e-01 1.085229e-01 0 
4.419491e-01 7.771948e-01 0 
4.947698e-01 3.708989e-01 0 
5.357643e-01 3.603998e-01 0 
6.756957e-01 5.409167e-01 0 
4.213380e-01 7.926218e-01 0 
8.524087e-01 7.277716e-01 0 
7.783487e-01 2.911325e-01 0 
4.470924e-01 6.851023e-01 0 
4.466053e-01 4.021463e-01 0 
1.320692e-01 8.088245e-01 0 
9.079106e-01 4.176152e-02 0 
8.776320e-01 3.753977e-01 0 
9.081413e-01 6.715920e-01 0 
9.132763e-01 8.886220e-01 0 
9.458924e-01 9.196109e-01 0 
9.057759e-01 4.840466e-01 0 
8.652016e-01 5.172128e-01 0 
8.623192e-01 1.781005e-01 0 
8.560299e-01 4.917926e-02 0 
8.831601e-01 9.520037e-01 0 
9.462335e-01 8.596872e-01 0 
8.506700e-01 4.681754e-01 0 
8.212082e-01 5.250788e-01 0 
1.990116e-01 8.057962e-01 0 
4.201457e-01 4.816025e-01 0 
9.575846e-01 5.040133e-01 0 
3.905029e-01 2.567689e-02 0 
6.826019e-01 1.781033e-01 0 
2.797246e-01 7.526993e-01 0 
2.394378e-01 2.796742e-01 0 
9.172373e-01 7.908270e-01 0 
9.568565e-01 7.568232e-01 0 
5.246498e-01 2.754864e-01 0 
4.440302e-01 8.707731e-01 0 
6.349998e-01 1.239462e-01 0 
8.263912e-01 9.416388e-01 0 
3.770382e-01 1.286902e-01 0 
3.772900e-01 1.802498e-01 0 
3.688276e-01 8.074790e-01 0 
2.212551e-01 9.295912e-01 0 
7.683001e-02 1.814280e-01 0 
2.694103e-01 3.950920e-01 0 
3.161619e-01 9.733473e-02 0 
4.687500e-01 1.000000e+00 1 
4.317839e-01 3.296289e-01 0 
5.367982e-01 4.740340e-01 0 
7.414383e-01 1.540159e-01 0 
6.639514e-01 6.258127e-01 0 
7.055461e-01 5.186107e-01 0 
4.224931e-01 8.794842e-01 0 
6.192790e-01 6.150630e-01 0 
7.121788e-02 8.259857e-01 0 
6.548373e-01 3.995752e-01 0 
2.950830e-01 2.146573e-01 0 
7.277027e-01 7.902061e-01 0 
8.424588e-01 7.955927e-01 0 
9.343525e-01 5.437497e-01 0 
9.811867e-01 1.695973e-01 0 
6.773582e-01 9.494630e-01 0 
4.547751e-01 6.362190e-01 0 
2.539999e-01 7.655879e-01 0 
6.262520e-01 4.032541e-01 0 
5.274015e-01 2.361144e-01 0 
5.731647e-01 4.613352e-01 0 
5.680282e-01 4.298823e-01 0 
4.226284e-01 9.345282e-01 0 
4.869024e-01 9.022523e-01 0 
4.074314e-01 5.960944e-01 0 
8.973775e-01 3.598074e-01 0 
6.667535e-01 4.921875e-01 0 
1.683861e-01 9.263280e-01 0 
8.166069e-01 4.358789e-01 0 
7.259575e-01 9.817547e-02 0 
8.028661e-01 1.407445e-01 0 
9.989129e-02 8.162639e-01 0 
2.809444e-01 6.260514e-01 0 
8.447693e-01 2.560740e-01 0 
8.196558e-01 7.889028e-01 0 
6.198975e-01 4.615360e-01 0 
4.825908e-01 8.481317e-01 0 
7.025866e-01 1.424611e-01 0 
7.604942e-01 1.979264e-01 0 
1.794243e-01 9.754028e-01 0 
5.574478e-01 4.763177e-01 0 
4.431594e-01 5.381140e-01 0 
3.593202e-01 9.408323e-01 0 
3.545616e-01 1.136454e-01 0 
5.867651e-01 5.209436e-01 0 
5.792034e-01 1.388820e-01 0 
9.610928e-01 6.190441e-01 0 
4.505471e-01 2.182010e-01 0 
4.872715e-01 1.872297e-01 0 
7.973372e-01 5.864534e-01 0 
4.226791e-01 8.154092e-01 0 
1.875455e-01 2.736812e-02 0 
7.160481e-01 6.209903e-01 0 
9.124848e-01 6.098320e-01 0 
5.720291e-01 6.864768e-01 0 
6.800372e-01 5.606184e-01 0 
2.636521e-01 7.885307e-01 0 
3.569774e-01 8.459458e-02 0 
3.169190e-01 2.226177e-01 0 
1.144782e-01 9.123208e-02 0 
6.834218e-01 3.547408e-01 0 
7.275065e-01 8.425076e-01 0 
8.841290e-02 9.472775e-01 0 
2.634219e-01 8.697701e-01 0 
1.953880e-01 6.794033e-01 0 
2.078416e-01 6.509439e-01 0 
6.692143e-01 4.642265e-01 0 
8.559126e-01 2.340344e-01 0 
7.693835e-01 8.131116e-01 0 
5.526295e-01 1.016209e-01 0 
6.793485e-01 8.117996e-01 0 
9.739963e-01 5.733206e-01 0 
7.139721e-01 1.206874e-01 0 
9.186346e-02 1.091126e-01 0 
2.384997e-01 8.529173e-01 0 
8.310100e-01 2.805244e-01 0 
8.329144e-01 3.895399e-01 0 
8.391902e-01 3.331393e-01 0 
8.563184e-01 1.540638e-01 0 
1.980523e-01 1.828100e-01 0 
3.561755e-01 5.159774e-01 0 
6.017092e-01 6.877015e-01 0 
5.182291e-01 4.337672e-01 0 
2.391706e-01 4.065935e-01 0 
8.933873e-01 5.475240e-01 0 
4.640523e-01 8.291407e-01 0 
6.035776e-01 5.805438e-01 0 
6.850379e-01 5.830472e-01 0 
7.658209e-01 6.148916e-02 0 
5.480331e-01 8.809860e-01 0 
3.294009e-01 3.246986e-01 0 
3.587171e-01 3.198307e-01 0 
8.198971e-01 1.755318e-01 0 
2.757029e-01 4.546116e-02 0 
3.115853e-01 7.033343e-02 0 
7.938342e-01 1.809313e-01 0 
9.383860e-01 2.513517e-01 0 
2.464396e-01 1.932228e-01 0 
5.866724e-01 6.468436e-01 0 
9.178914e-01 2.319568e-01 0 
7.078373e-01 4.919619e-01 0 
4.533105e-01 6.101682e-01 0 
4.538519e-01 8.518520e-01 0 
3.793411e-01 5.080920e-01 0 
8.021044e-01 6.470847e-01 0 
2.404051e-01 9.085059e-01 0 
6.985221e-01 6.916179e-02 0 
2.783315e-01 8.950894e-01 0 
8.957313e-01 2.156567e-01 0 
5.069752e-01 1.942715e-01 0 
7.303020e-01 3.048354e-01 0 
6.105592e-01 9.322906e-01 0 
5.095603e-01 9.422920e-01 0 
4.353677e-01 9.525136e-01 0 
6.497945e-01 4.220127e-01 0 
6.234154e-01 3.616473e-01 0 
7.068823e-01 9.187409e-01 0 
7.611982e-01 7.218865e-01 0 
8.318542e-01 6.849616e-01 0 
4.282089e-01 4.681199e-02 0 
7.021945e-01 2.281297e-01 0 
8.337571e-01 6.142714e-01 0 
5.049731e-01 6.202926e-01 0 
2.540576e-01 9.330148e-01 0 
9.189001e-01 3.620611e-01 0 
6.245924e-01 9.555464e-01 0 
3.954936e-01 9.139106e-01 0 
6.227726e-01 4.324771e-01 0 
4.347459e-01 5.844396e-01 0 
5.762148e-01 6.240795e-01 0 
1.204250e-01 6.961215e-01 0 
2.573135e-01 7.226303e-01 0 
2.147497e-01 7.836437e-01 0 
3.002664e-01 3.932830e-01 0 
4.893414e-01 2.571442e-01 0 
1.096249e-01 9.073261e-01 0 
8.277938e-02 2.273070e-01 0 
3.766640e-01 8.644165e-01 0 
4.707001e-01 9.264835e-01 0 
3.904981e-01 9.534757e-01 0 
2.555315e-01 8.228214e-02 0 
9.072829e-01 3.346470e-01 0 
6.513611e-01 6.699850e-01 0 
7.372507e-01 5.194132e-02 0 
7.442715e-01 5.426485e-01 0 
2.875877e-01 6.481383e-01 0 
8.366317e-01 1.958077e-01 0 
9.139370e-01 5.373481e-01 0 
9.442516e-01 1.864067e-01 0 
6.156174e-01 8.554446e-01 0 
1.938078e-01 8.535178e-01 0 
8.663214e-01 2.086324e-01 0 
8.217592e-01 5.743048e-01 0 
6.717469e-01 6.520304e-01 0 
6.511364e-01 5.980003e-01 0 
8.063104e-01 3.894605e-01 0 
8.264199e-01 4.101258e-01 0 
8.161023e-01 2.226991e-01 0 
4.260708e-01 2.076752e-01 0 
5.099974e-01 1.348610e-01 0 
7.642107e-01 5.241547e-01 0 
4.182036e-01 7.653389e-01 0 
6.408744e-01 6.432572e-02 0 
6.128472e-01 1.562500e-02 0 
6.839663e-01 7.053034e-01 0 
2.542179e-01 8.085114e-01 0 
2.947075e-01 8.261374e-01 0 
5.760037e-01 4.908274e-01 0 
5.772738e-01 1.106258e-01 0 
5.358292e-01 2.145301e-01 0 
4.625841e-01 5.843356e-01 0 
4.670254e-01 8.781226e-01 0 
5.208041e-01 6.346208e-01 0 
5.252752e-01 8.777795e-01 0 
6.188936e-01 3.822210e-01 0 
8.434391e-01 7.512866e-01 0 
8.967131e-01 6.475749e-01 0 
8.525559e-01 8.161520e-01 0 
6.557062e-02 9.327525e-01 0 
8.347942e-02 9.729309e-01 0 
2.721204e-01 2.293683e-01 0 
3.991962e-01 4.942213e-01 0 
2.099796e-01 5.927998e-02 0 
7.453392e-01 7.666033e-01 0 
9.256507e-01 6.502982e-01 0 
9.462160e-01 5.697016e-01 0 
1.442020e-01 7.656283e-01 0 
4.294170e-01 9.115004e-02 0 
9.030595e-01 1.628970e-01 0 
3.642713e-01 2.221681e-02 0 
5.043510e-01 6.789402e-01 0 
3.232281e-01 4.705071e-02 0 
2.127234e-01 7.240456e-01 0 
2.057250e-01 7.550188e-01 0 
7.901227e-01 6.699168e-01 0 
3.703440e-01 5.153944e-02 0 
4.828993e-01 8.144531e-01 0 
5.710186e-01 3.992857e-01 0 
9.539347e-01 5.947587e-01 0 
1.113833e-01 2.352203e-01 0 
8.477532e-01 4.276643e-01 0 
1.910136e-01 8.977256e-01 0 
7.253690e-01 3.913057e-01 0 
6.481681e-01 7.691411e-01 0 
2.267453e-01 9.546499e-01 0 
8.658492e-01 3.282217e-01 0 
4.032162e-01 6.232989e-01 0 
9.768158e-01 6.529592e-01 0 
4.423595e-01 1.721170e-01 0 
9.796907e-01 6.311479e-01 0 
1.261853e-01 7.245452e-01 0 
4.670360e-01 5.186570e-01 0 
4.998384e-01 4.748116e-01 0 
5.510866e-01 6.935376e-01 0 
6.548189e-01 5.438980e-01 0 
6.350022e-01 5.695848e-01 0 
7.321404e-01 3.315672e-01 0 
4.216359e-02 9.435676e-01 0 
1.767841e-02 9.814444e-01 0 
4.023753e-01 8.600354e-01 0 
5.528352e-01 1.452509e-01 0 
6.561084e-01 2.190582e-01 0 
6.536721e-01 1.025424e-01 0 
7.193831e-01 4.631628e-01 0 
2.958613e-01 8.826181e-02 0 
7.296468e-01 1.757879e-01 0 
5.550753e-01 5.177701e-01 0 
7.192475e-01 4.130293e-01 0 
2.294199e-01 2.281180e-02 0 
5.129136e-01 8.956302e-01 0 
7.533100e-01 8.348249e-01 0 
3.501051e-01 9.615493e-01 0 
6.593183e-01 9.329906e-01 0 
6.950452e-01 8.932523e-01 0 
4.146674e-01 6.481513e-01 0 
4.765499e-01 2.314551e-01 0 
6.343899e-01 8.674001e-01 0 
6.117148e-01 4.932010e-01 0 
8.483893e-01 6.644792e-01 0 
3.671571e-01 2.343504e-01 0 
7.580385e-01 3.146665e-01 0 
351 1205 1244 
1 632 1048 
3 633 1049 
1283 211 1208 
1050 355 635 
108 194 356 
636 61 974 
358 1421 1051 
165 638 359 
360 198 39 
361 113 199 
40 200 362 
363 201 639 
640 1052 364 
365 1260 590 
979 641 204 
1053 642 205 
1054 7 643 
1534 1561 671 
47 1281 369 
370 10 209 
110 1023 76 
644 425 1579 
372 24 212 
645 373 6 
646 1136 1055 
18 647 375 
19 648 665 
561 598 377 
1057 729 53 
1058 133 1424 
1312 1513 1209 
652 381 135 
653 61 986 
383 203 13 
384 654 223 
87 385 655 
225 88 737 
199 656 386 
569 387 142 
1434 1524 1231 
389 101 605 
1516 1565 1676 
1354 1060 231 
392 688 891 
393 1061 1482 
661 394 136 
1062 195 1426 
663 1576 1063 
1483 664 374 
1065 19 665 
1066 883 424 
566 1567 933 
611 667 1519 
400 316 668 
669 241 401 
402 670 67 
1342 1176 1575 
672 1068 84 
673 370 784 
1069 674 246 
1070 903 1225 
126 408 676 
1431 1071 409 
64 249 678 
250 142 411 
412 5 603 
571 413 99 
59 1432 1072 
85 159 254 
304 1484 1073 
43 681 1074 
1002 682 257 
258 683 1075 
45 684 1076 
598 561 20 
46 799 685 
421 16 261 
422 262 176 
48 1351 1546 
96 1570 1335 
1344 615 112 
687 888 916 
1337 1652 1161 
689 428 30 
1077 133 1620 
1508 1069 1636 
692 1078 154 
271 186 431 
87 601 432 
540 433 342 
434 922 693 
150 694 1079 
1436 1080 1372 
277 1081 696 
58 438 697 
981 1082 698 
1083 279 1638 
194 35 441 
700 173 442 
701 1148 23 
702 444 1084 
1709 1096 1103 
1485 446 1580 
1208 1434 1566 
1486 706 1087 
449 25 284 
886 707 452 
113 517 451 
656 1313 386 
66 587 453 
454 54 286 
455 765 220 
1018 709 178 
68 710 457 
458 275 1518 
1442 1089 459 
713 493 1090 
309 461 90 
291 714 383 
1689 1687 463 
73 164 293 
933 1535 637 
716 168 917 
717 1091 296 
467 173 297 
75 616 468 
469 298 140 
627 934 718 
1016 1706 1524 
1684 212 720 
471 721 74 
472 213 722 
268 1653 1359 
724 474 317 
1095 12 725 
476 726 1096 
727 477 302 
457 1097 68 
479 861 729 
36 480 749 
1098 680 1364 
447 50 607 
1099 403 1414 
1100 395 1527 
305 163 483 
1101 9 734 
735 485 1024 
469 736 1102 
847 486 737 
487 1024 738 
89 563 488 
309 159 489 
1709 1103 1503 
1395 990 740 
1104 1489 741 
742 460 1090 
743 1105 494 
93 1106 744 
289 745 1107 
1579 1576 663 
747 1109 498 
315 1377 748 
96 240 668 
1110 749 329 
97 1452 1111 
333 751 502 
752 1112 953 
998 753 604 
320 135 422 
529 754 281 
322 27 505 
889 506 66 
565 507 53 
1113 508 1600 
971 756 631 
1114 757 31 
1273 92 1115 
1116 57 1399 
1166 1117 162 
106 583 1030 
956 1118 324 
1119 762 512 
1179 1660 1490 
1014 1121 280 
1324 559 217 
766 513 36 
1516 1582 1565 
1459 1421 1123 
1124 778 1337 
515 326 770 
1125 384 1460 
449 360 327 
284 76 516 
113 308 517 
1352 678 157 
114 587 412 
114 616 362 
115 772 480 
518 84 773 
116 978 774 
116 1126 775 
1127 776 288 
1491 1128 520 
366 979 17 
779 521 332 
682 291 383 
780 1129 367 
1492 424 1514 
1493 782 1131 
522 46 685 
1610 805 783 
122 1281 319 
524 817 1132 
370 593 784 
123 619 1706 
601 110 272 
933 1567 1535 
125 371 787 
1534 1693 778 
408 789 318 
248 1133 790 
321 791 51 
1134 792 1463 
793 1135 434 
214 1136 794 
129 795 530 
172 1137 1494 
1310 1495 1138 
1596 1275 1415 
377 911 799 
800 534 339 
985 801 378 
806 802 330 
1140 1006 269 
134 2 299 
962 1141 1496 
805 1610 1142 
1545 99 998 
807 340 1038 
69 1514 1257 
137 462 809 
810 445 174 
138 538 811 
1391 1688 1348 
139 224 813 
540 273 433 
469 249 64 
140 298 602 
1718 497 1261 
141 995 815 
387 5 626 
816 432 171 
817 543 334 
252 40 544 
144 545 322 
818 727 302 
1393 1145 658 
1146 310 1269 
1107 496 821 
1467 1147 94 
392 29 823 
891 824 447 
1337 732 1652 
917 1149 77 
281 826 529 
1499 1291 548 
1341 1151 828 
1464 1152 55 
151 609 830 
1319 1154 345 
152 33 697 
152 551 86 
1155 239 1430 
232 792 1379 
154 996 833 
21 906 1574 
835 325 554 
547 1571 719 
836 555 63 
706 1160 1502 
410 15 837 
285 65 557 
1282 838 321 
158 1474 1162 
489 341 71 
392 823 688 
160 840 1163 
258 1164 841 
1503 1408 1618 
162 842 1166 
163 561 207 
843 551 278 
260 533 727 
164 73 685 
1603 1585 1358 
165 845 421 
563 89 487 
166 1040 846 
565 102 507 
167 307 847 
1167 1686 1504 
1168 543 687 
268 624 267 
863 850 189 
1505 1621 1604 
568 300 724 
171 272 327 
852 569 142 
531 350 18 
617 388 143 
467 75 593 
458 1233 725 
288 776 1172 
1506 446 495 
22 1270 1146 
176 870 855 
262 27 572 
177 626 506 
177 605 454 
709 245 1174 
1018 856 67 
179 1042 857 
1027 858 146 
181 603 488 
181 620 468 
182 577 298 
1718 1422 1108 
184 1044 860 
1339 579 342 
186 271 861 
847 88 49 
317 751 580 
1365 1176 1342 
189 428 863 
1113 1701 508 
1297 1177 104 
865 1178 105 
192 583 106 
635 107 1179 
193 839 1180 
194 108 866 
867 584 60 
662 512 11 
195 1181 636 
637 1535 1440 
196 1219 1183 
197 638 586 
197 1184 869 
198 736 64 
198 517 39 
199 113 557 
386 815 343 
200 40 870 
200 453 587 
201 1185 871 
1186 872 402 
1283 238 1324 
873 692 640 
203 590 13 
1187 230 1314 
493 713 874 
1702 1188 875 
1164 1189 841 
205 946 876 
368 1305 1131 
207 14 483 
207 522 121 
208 122 1190 
1191 811 221 
209 10 442 
209 467 593 
210 1128 777 
525 1192 484 
705 878 50 
371 1193 1641 
212 24 595 
1684 470 1476 
213 645 521 
472 79 1194 
1509 128 1195 
1341 828 1510 
215 880 596 
1422 1601 28 
561 377 649 
1718 1598 758 
882 507 323 
1011 1582 448 
219 651 1199 
1200 698 401 
455 220 35 
1201 108 612 
1672 47 369 
221 1203 783 
222 987 884 
222 1204 653 
654 78 1205 
885 409 1511 
224 139 1101 
224 1192 655 
225 15 140 
88 602 1043 
452 656 65 
1206 107 1304 
227 569 89 
227 488 603 
228 584 888 
228 1512 1207 
229 389 605 
229 889 545 
819 1393 1720 
1312 890 1547 
666 606 1210 
1655 708 69 
788 891 607 
731 50 482 
155 404 958 
1588 1631 1378 
234 661 893 
234 756 491 
663 1214 396 
396 1214 894 
1517 664 608 
236 1216 875 
1415 1217 798 
1492 231 1657 
1283 202 1389 
152 1071 610 
552 306 1244 
1359 1709 1503 
240 96 573 
240 897 542 
241 669 898 
1220 1606 706 
899 612 10 
242 785 1221 
1520 1647 393 
1521 134 1691 
244 672 900 
155 958 835 
405 784 423 
1221 670 242 
657 406 1223 
1085 690 1285 
1070 1225 675 
247 1453 1226 
1227 752 1522 
1228 1386 1307 
249 410 678 
249 140 15 
250 905 385 
250 816 852 
251 412 603 
251 468 616 
252 571 40 
252 544 617 
253 1433 1229 
1523 1537 558 
1620 806 330 
254 618 29 
254 671 85 
1231 1524 148 
256 907 1232 
257 13 908 
1233 475 725 
909 1331 1234 
841 532 1235 
1147 1236 94 
911 377 131 
799 260 420 
261 594 913 
1237 914 1410 
262 536 27 
262 1017 176 
263 423 620 
263 563 166 
500 1238 766 
264 961 686 
431 565 271 
266 916 441 
1239 917 168 
267 1336 1240 
824 1241 447 
1094 689 621 
1525 1243 1648 
1350 1092 62 
613 170 920 
270 1245 1508 
1406 431 265 
921 657 1223 
25 272 110 
272 25 327 
540 139 813 
273 454 605 
922 567 169 
274 849 1525 
1526 1356 1689 
1247 829 608 
425 923 531 
1343 1248 56 
696 32 1249 
277 1456 1250 
843 623 944 
924 158 1251 
1638 1527 395 
356 764 108 
280 388 617 
443 1589 1528 
1254 926 213 
703 1255 585 
282 769 1632 
836 63 1530 
490 1258 927 
284 25 76 
284 516 625 
707 34 1144 
1352 113 451 
286 54 411 
286 387 626 
1531 1259 519 
117 175 1394 
1172 304 1532 
1098 1609 255 
1261 497 1375 
874 70 1262 
575 43 930 
931 462 714 
417 1550 876 
932 180 966 
781 1533 1263 
293 164 505 
293 536 1142 
1142 73 293 
121 14 207 
465 77 336 
934 359 718 
912 38 1264 
1536 539 1497 
297 173 544 
297 362 616 
298 469 625 
298 577 602 
1691 217 1222 
773 2 1461 
1604 1265 1505 
300 795 596 
1056 774 728 
578 8 938 
940 1267 939 
940 389 818 
303 728 774 
303 774 1539 
941 148 1173 
570 42 942 
483 14 615 
305 944 163 
485 39 308 
735 945 852 
737 15 225 
307 167 186 
306 552 1615 
738 361 26 
1516 268 1359 
309 618 159 
1269 755 12 
677 1540 311 
424 1657 398 
1708 1085 1285 
758 1584 1422 
312 1274 743 
637 446 1485 
313 780 1541 
314 1277 949 
1278 560 1451 
748 33 610 
1279 832 1542 
887 950 541 
951 355 1280 
580 97 920 
474 52 952 
953 503 752 
466 1543 1091 
1628 425 644 
637 1440 495 
320 422 855 
320 99 1545 
321 51 1282 
1546 562 48 
505 164 420 
322 545 572 
218 1611 812 
956 1698 354 
325 1481 357 
1284 835 958 
515 111 914 
959 503 38 
327 960 171 
112 1666 1093 
328 412 587 
328 506 626 
329 772 363 
574 178 961 
1547 1631 1419 
330 802 775 
697 551 152 
93 963 1106 
779 1287 118 
333 1462 1288 
502 187 964 
524 122 1289 
334 543 627 
620 784 593 
335 437 937 
336 787 371 
465 845 295 
965 373 926 
338 82 533 
1630 384 1125 
807 136 987 
340 1469 1291 
341 462 71 
341 159 85 
433 101 939 
342 9 139 
343 1292 846 
564 26 199 
344 1468 1293 
1003 966 630 
1472 1294 151 
967 486 186 
346 1295 833 
347 968 1296 
969 352 1297 
970 353 1298 
235 375 129 
756 971 1369 
631 893 30 
1299 190 1409 
1300 348 972 
1301 191 1383 
1302 349 973 
354 192 106 
956 324 1303 
1719 193 1180 
951 1304 107 
356 194 867 
108 764 612 
357 974 325 
357 975 195 
1051 196 1183 
358 1245 768 
359 977 74 
934 295 845 
360 39 960 
360 449 736 
361 199 26 
361 308 113 
362 200 114 
362 297 40 
363 856 329 
363 772 1185 
1553 1052 1246 
364 774 978 
365 203 42 
1122 1268 1561 
778 1099 825 
1565 919 1676 
1550 1053 876 
1129 313 1713 
877 243 482 
368 1462 1054 
369 122 208 
883 1257 1514 
123 217 619 
785 242 899 
371 16 1333 
371 125 1193 
372 879 527 
1307 676 1228 
965 926 127 
1308 1602 535 
374 1055 1064 
1552 1309 128 
375 984 129 
375 235 531 
376 881 1310 
1056 1019 116 
377 598 131 
1434 1139 1566 
801 985 1290 
479 1553 1246 
379 651 1311 
1058 379 806 
220 134 1521 
134 380 2 
381 652 1544 
381 805 135 
382 986 340 
382 807 987 
682 13 257 
1644 137 942 
384 223 988 
1125 1554 294 
385 87 250 
385 905 813 
708 1655 1354 
386 343 564 
387 227 5 
387 286 142 
388 1207 143 
388 1121 60 
389 229 545 
940 302 1267 
1314 230 1555 
390 1556 1635 
391 1425 1293 
391 1467 1060 
392 788 29 
823 309 1315 
1672 1202 1673 
1061 619 935 
394 990 91 
808 677 1317 
395 1318 699 
1527 925 1715 
796 1685 1557 
1224 1196 1558 
397 895 1294 
1065 1319 992 
398 1429 1320 
510 777 1374 
399 95 994 
399 1659 1542 
400 668 995 
400 887 316 
401 241 996 
1559 1200 1078 
402 67 639 
872 1583 1560 
403 671 254 
1268 1098 481 
892 404 155 
1068 1562 660 
877 482 1444 
1563 423 166 
406 37 976 
1322 1682 1272 
903 1564 1323 
732 1141 962 
408 126 789 
1522 1325 904 
1488 152 86 
885 1446 223 
410 249 15 
410 902 157 
411 142 286 
411 54 905 
412 251 114 
412 328 5 
413 252 143 
998 319 1545 
414 1433 1162 
1072 414 276 
1139 1434 1231 
1567 566 1073 
416 1328 1001 
1329 794 1568 
417 1002 1550 
417 1683 291 
1240 1569 1653 
918 90 1331 
1332 259 1384 
419 1468 1076 
420 685 799 
260 727 818 
421 261 1004 
1333 336 371 
320 855 99 
422 135 536 
423 263 166 
1478 1292 542 
1271 808 701 
1571 1119 915 
644 1588 1378 
167 847 1005 
426 687 916 
917 77 465 
427 1315 1336 
688 427 824 
428 1169 169 
428 189 631 
429 1573 1140 
1574 906 1479 
430 873 1157 
1010 219 1338 
431 186 167 
431 1406 565 
432 272 171 
432 816 87 
433 273 101 
1339 185 579 
1471 17 1340 
1135 55 567 
1341 983 214 
1435 1575 694 
1343 56 1009 
425 531 1576 
1345 1081 1153 
437 335 476 
438 551 697 
1577 1338 1012 
763 1206 541 
1719 11 767 
440 1474 1083 
441 1013 266 
916 888 584 
442 173 467 
700 1014 280 
443 1347 473 
1348 1015 51 
444 1439 1349 
1084 1326 892 
445 703 853 
445 1350 62 
1579 425 1576 
1580 1351 1703 
1542 761 1658 
1581 1496 478 
1087 156 1402 
448 1582 1470 
112 1446 1344 
449 327 25 
450 285 157 
450 669 34 
451 198 64 
1478 897 1613 
886 452 65 
886 285 450 
453 200 870 
453 176 1017 
454 286 177 
454 273 54 
455 35 866 
455 1583 765 
456 709 1018 
456 1221 245 
457 1353 1019 
457 1056 728 
1088 288 810 
1674 1584 758 
1089 146 1425 
1378 1454 1330 
742 290 1586 
1355 979 204 
946 309 489 
909 1075 418 
931 291 1683 
462 341 809 
463 932 292 
877 1444 1141 
294 1554 1360 
522 464 121 
465 716 917 
465 336 845 
1357 111 515 
954 1587 1358 
467 297 75 
467 209 442 
468 251 181 
468 620 75 
469 140 249 
1102 449 625 
1519 183 611 
1268 481 1561 
1465 977 197 
812 1465 1497 
722 118 1361 
926 754 127 
723 149 1589 
1700 79 1243 
474 1020 52 
474 1021 317 
1518 275 1079 
1590 1720 1696 
746 1599 1134 
258 841 1591 
477 185 1267 
1097 728 1290 
1097 800 1022 
1057 53 650 
479 1363 861 
480 900 115 
1417 872 1560 
1707 921 117 
1693 1534 671 
1366 878 125 
1366 125 787 
483 163 207 
943 86 305 
210 1257 883 
485 960 39 
485 308 1024 
486 307 186 
967 346 1367 
738 26 1040 
487 945 1024 
488 263 181 
488 227 89 
489 159 341 
946 205 461 
938 1592 1368 
1593 1296 556 
491 990 234 
491 1369 310 
1607 1594 1212 
1595 1654 701 
713 204 1370 
290 857 827 
494 1025 1372 
494 1114 1373 
237 1415 1218 
1524 1434 1016 
1597 510 1374 
496 929 821 
497 1449 1375 
1261 289 1598 
498 1028 1376 
498 1249 1029 
1030 1377 106 
33 58 697 
961 1110 574 
500 915 1238 
501 1453 1123 
501 1458 1111 
502 1021 187 
502 980 333 
953 318 38 
555 326 844 
791 754 529 
1390 1379 1599 
505 27 293 
1380 818 144 
506 229 177 
506 328 66 
507 102 323 
507 882 650 
850 1701 189 
1600 1381 12 
1232 1115 1001 
509 1382 1033 
117 48 562 
1116 1383 1034 
511 1457 1236 
1384 259 1035 
767 762 1280 
512 975 109 
513 766 1238 
513 1284 36 
1070 1031 247 
675 1601 1256 
1520 393 1482 
515 914 844 
516 182 625 
517 308 39 
517 198 451 
518 773 871 
518 900 672 
1531 1126 1019 
519 1259 1708 
1286 331 1416 
1491 1002 257 
521 779 1385 
521 645 1036 
522 73 464 
649 207 561 
1281 122 369 
1365 1342 1637 
524 1132 1190 
1289 604 1512 
786 1690 1371 
525 484 1023 
29 788 403 
1337 1161 1124 
527 126 1307 
789 1603 1358 
981 439 1082 
754 791 504 
925 1528 1253 
1533 936 407 
530 1063 129 
923 172 350 
531 18 375 
1235 797 1605 
1189 44 948 
533 911 338 
533 82 727 
534 985 862 
534 862 1198 
1608 1167 1504 
657 674 406 
536 293 27 
536 262 422 
537 807 1038 
537 893 661 
538 138 988 
962 1496 1581 
1611 208 721 
1612 771 1460 
540 342 139 
540 54 273 
1392 1144 1082 
950 141 1313 
542 815 995 
897 573 1613 
1326 1501 1159 
1168 168 716 
544 40 297 
544 173 617 
545 144 389 
889 66 1017 
1393 819 1145 
1394 175 1104 
1590 820 955 
740 1270 1395 
548 1469 1396 
548 1396 1614 
549 1151 1397 
549 1026 1398 
550 1472 1250 
1154 1399 1039 
1011 836 1530 
551 305 86 
552 1155 1615 
896 78 1400 
553 833 996 
1616 837 15 
554 974 1401 
554 1204 702 
959 1617 1402 
555 1475 63 
1230 1618 490 
556 1403 1619 
557 65 199 
1352 157 285 
1523 999 253 
1422 1718 758 
1447 1404 969 
1163 1274 1033 
1405 349 1302 
1278 314 1457 
561 163 20 
649 46 522 
1632 1529 282 
1380 144 322 
563 1040 166 
563 263 488 
564 1040 26 
564 199 386 
565 53 271 
1008 704 1086 
220 1388 35 
134 220 380 
567 863 169 
922 274 693 
568 1041 170 
306 1431 1244 
569 945 89 
569 227 387 
570 776 42 
1092 933 637 
571 855 870 
571 252 413 
572 27 322 
572 889 1017 
1478 1174 405 
255 1609 1208 
574 856 1018 
1110 264 500 
575 857 1042 
827 1623 1195 
576 1027 292 
576 932 966 
577 1043 602 
578 860 1044 
1103 1408 1503 
579 9 342 
580 1045 97 
580 1041 317 
1198 0 1037 
1409 190 1046 
582 1436 1177 
1230 490 927 
867 194 441 
584 228 60 
585 1182 769 
1624 62 1092 
586 638 1004 
1410 111 1184 
587 66 328 
587 114 200 
588 873 978 
588 802 1157 
589 640 692 
589 1295 1246 
590 203 365 
590 908 13 
591 1370 1287 
591 779 1047 
781 1678 1526 
593 75 620 
593 370 209 
1241 919 1437 
594 261 16 
595 183 720 
596 1020 300 
596 984 215 
1197 1411 797 
644 1378 1668 
599 1424 1229 
599 1432 1199 
600 884 987 
23 600 701 
601 87 655 
601 272 432 
602 225 140 
1043 49 88 
603 181 251 
603 5 227 
1289 1512 1625 
753 998 413 
605 101 273 
605 177 229 
606 1428 1413 
1210 1277 1029 
147 1479 906 
731 1414 788 
1247 1705 275 
608 1464 1215 
963 1218 1106 
609 1416 830 
1627 1323 1564 
610 33 152 
1067 95 399 
899 242 1417 
612 1014 10 
1211 851 1448 
1680 1032 270 
614 1452 1288 
1627 782 1493 
852 816 735 
852 142 250 
616 75 297 
616 114 251 
617 700 280 
617 143 252 
618 254 159 
618 309 823 
1308 1389 1602 
935 299 84 
620 423 784 
620 181 263 
621 689 1038 
621 1291 1499 
429 1671 1574 
623 20 944 
1282 1251 838 
1419 1213 1547 
625 182 298 
625 449 284 
626 5 328 
626 177 286 
1132 74 721 
627 716 295 
335 1266 301 
746 337 982 
966 1003 344 
631 30 428 
631 189 971 
1048 1299 352 
1049 1301 353 
634 192 354 
635 355 1420 
635 1179 1538 
636 357 195 
636 1396 61 
1182 1421 1459 
1182 585 1640 
638 165 1004 
638 197 977 
639 201 1186 
639 67 856 
640 364 873 
640 589 1246 
641 366 1361 
641 1287 1370 
642 367 44 
1629 1164 909 
1054 1305 368 
211 1324 523 
371 1641 16 
645 6 1036 
645 213 926 
646 374 1509 
646 1509 83 
647 215 984 
648 216 881 
649 377 46 
649 522 207 
650 53 507 
1423 862 985 
651 1058 1424 
651 219 1311 
652 135 320 
381 1544 1306 
653 382 222 
653 1401 61 
654 1630 78 
654 1205 223 
655 385 813 
655 525 601 
656 199 65 
656 452 1313 
1434 211 1016 
388 228 1207 
658 246 546 
1557 1187 1314 
659 1354 459 
659 1089 1425 
1562 1068 404 
660 1242 1482 
661 136 537 
394 234 990 
662 1062 1426 
662 11 1318 
663 1063 1214 
1547 890 1631 
1483 150 1079 
1517 236 1309 
1217 665 376 
1065 1427 397 
1066 130 492 
666 1429 398 
667 1067 1430 
667 1175 1519 
396 1213 691 
668 240 995 
669 401 34 
669 450 898 
670 402 1417 
670 456 67 
403 254 29 
85 671 1561 
672 84 518 
672 244 404 
673 405 1174 
673 1221 785 
674 37 406 
674 657 246 
1225 407 936 
562 1594 175 
676 408 1227 
1307 372 527 
677 1270 1540 
677 808 91 
678 410 157 
678 451 64 
679 1072 1432 
679 1229 1433 
942 1633 570 
680 1327 1634 
681 256 1328 
682 417 291 
682 383 13 
1362 1209 119 
683 1096 1569 
1076 1332 419 
685 420 164 
685 73 522 
686 1335 264 
686 178 573 
1168 426 168 
687 543 888 
147 1523 253 
1572 1342 1575 
689 30 1038 
689 1094 1169 
802 806 379 
690 1085 1573 
1635 246 658 
1069 1635 1636 
692 154 589 
692 873 430 
693 274 17 
1340 979 1355 
1575 1435 435 
1637 890 1312 
695 1436 582 
695 1343 436 
696 1345 32 
696 1376 277 
1687 1689 715 
58 33 1030 
698 34 401 
1200 154 1078 
699 1083 1638 
699 1346 440 
700 442 1014 
700 617 173 
443 826 1639 
1437 1641 1193 
702 1438 554 
702 1439 444 
703 445 62 
703 585 282 
1640 196 1182 
1086 704 1485 
705 50 447 
1437 919 1441 
1165 1470 1651 
1220 556 1619 
707 450 34 
707 226 452 
1313 452 226 
708 1514 69 
709 456 245 
709 1613 178 
710 287 1353 
711 1088 1674 
711 1260 1127 
712 1089 1442 
712 1375 146 
713 1090 1642 
874 1643 70 
714 462 137 
714 1644 383 
715 180 932 
716 465 295 
716 627 1168 
717 296 1645 
717 730 1646 
718 359 74 
718 334 627 
1717 1647 1316 
1672 1191 1306 
720 212 595 
1359 1651 1516 
721 471 1611 
74 1132 718 
722 213 1385 
1648 366 17 
723 1094 1649 
723 443 473 
724 317 1041 
724 300 1020 
458 1381 275 
1650 1608 848 
726 476 301 
726 1368 1592 
48 1703 1351 
727 82 477 
728 1097 457 
728 303 1290 
729 271 53 
1553 378 801 
1446 1511 1344 
36 1445 480 
731 482 243 
731 788 607 
1165 706 1486 
1652 1389 1161 
733 86 943 
1500 233 1316 
734 1192 224 
1534 778 1122 
735 171 960 
736 469 64 
736 198 360 
737 486 1616 
737 88 847 
738 308 361 
738 563 487 
739 658 1145 
1709 1653 1096 
740 491 310 
740 1146 1270 
1489 175 1594 
741 1498 1654 
742 1090 290 
742 1586 1188 
743 1373 312 
743 1447 104 
744 1275 313 
744 313 1541 
745 289 1442 
1085 1006 1140 
746 982 373 
1656 1449 497 
747 1450 314 
747 1451 105 
748 1030 33 
748 610 153 
749 500 766 
749 480 772 
750 1111 1452 
750 1226 1453 
751 333 1045 
751 317 1021 
752 503 156 
1227 248 676 
753 413 143 
921 1223 1703 
754 504 127 
754 1194 281 
755 1600 12 
103 1080 1059 
103 757 1372 
756 234 893 
276 414 839 
1657 1428 666 
1273 1455 312 
1273 1397 92 
759 1116 1399 
759 1250 1456 
760 1166 560 
760 1457 511 
761 1697 1658 
761 1659 1118 
762 547 1280 
1119 512 109 
1660 1120 1490 
763 541 1392 
764 1121 1014 
1121 356 60 
765 380 220 
1579 691 1588 
766 36 749 
1238 109 1481 
11 512 762 
1346 1180 440 
768 1421 358 
768 1458 501 
769 282 585 
769 1459 514 
770 326 959 
1357 912 1646 
771 1125 1460 
1391 124 1528 
772 115 1185 
772 329 749 
773 84 299 
773 1461 871 
774 364 1539 
774 1056 116 
775 1662 330 
775 588 116 
776 365 42 
776 570 1172 
1663 257 908 
210 883 1548 
1534 1122 1561 
1549 79 472 
779 332 1047 
779 118 1385 
780 367 1550 
780 1276 1541 
463 292 1664 
1678 1665 1551 
1627 120 1323 
782 1288 1462 
783 381 221 
1203 538 1666 
335 301 476 
784 405 673 
785 370 673 
785 10 370 
525 1023 110 
124 443 1528 
787 336 77 
1366 482 878 
1414 243 1099 
1535 415 1694 
1603 126 527 
789 1358 1587 
790 528 248 
791 321 1667 
791 529 51 
1379 504 1667 
1463 100 629 
793 434 1216 
793 1215 1464 
1329 416 1001 
794 1397 1151 
795 129 984 
795 1387 530 
1344 1511 733 
1100 991 1062 
1197 1495 881 
1418 81 628 
1217 1415 237 
1602 1389 1652 
799 533 260 
799 46 377 
800 339 1022 
800 1290 985 
132 1630 294 
1057 1553 479 
802 379 1311 
802 588 775 
803 269 622 
1156 622 1669 
877 901 1670 
478 1167 1581 
805 536 135 
805 381 783 
1283 1208 202 
1365 1233 458 
807 537 136 
807 382 340 
677 91 1395 
808 1271 394 
809 341 85 
809 1407 137 
810 174 1088 
810 1532 1000 
811 538 1203 
719 951 1280 
1143 1612 1673 
1497 1465 869 
813 224 655 
813 54 540 
1371 1203 1666 
1144 1466 226 
815 542 1292 
815 386 141 
816 171 735 
816 250 87 
817 334 1132 
1412 1512 228 
818 389 144 
1380 505 420 
1393 546 145 
819 1443 230 
820 1146 1269 
820 1095 955 
821 929 1674 
492 1710 1548 
822 1147 1467 
822 1293 1468 
823 29 618 
1315 90 1336 
824 891 688 
427 624 1676 
526 1498 1607 
1677 1349 23 
826 281 1639 
826 1348 529 
1499 149 1649 
1291 1469 548 
828 549 1398 
828 1196 1510 
829 1152 1464 
1247 275 1381 
1492 1514 708 
1153 830 1345 
831 1154 1319 
831 1294 1472 
832 1155 1430 
153 315 748 
833 553 1367 
833 589 154 
834 1157 1311 
834 219 1010 
835 1438 155 
835 1284 325 
1699 836 448 
1402 156 503 
1616 15 737 
837 1616 1679 
1251 1282 1015 
838 1473 558 
839 1162 1474 
839 193 276 
840 348 1404 
1220 706 1502 
258 476 683 
1166 1405 560 
843 278 623 
843 305 551 
844 326 515 
844 914 1475 
845 165 934 
845 1333 421 
846 564 343 
846 1563 166 
847 307 486 
847 49 1005 
848 1158 1521 
1650 559 535 
849 1094 473 
849 274 169 
850 567 55 
971 1113 1369 
1265 1448 1505 
1211 613 1680 
786 615 121 
1621 894 530 
853 174 445 
1171 957 1584 
1515 1316 233 
854 1515 1212 
855 571 99 
855 422 176 
856 574 329 
856 363 639 
857 575 827 
857 493 179 
858 576 344 
858 1293 1425 
1507 239 1155 
814 132 1360 
860 578 301 
860 1266 184 
861 271 729 
861 1363 1477 
862 188 581 
719 1571 1570 
863 428 169 
863 567 850 
864 1177 1297 
864 1409 582 
865 105 1298 
865 1301 1383 
866 108 1560 
866 35 194 
867 60 356 
867 441 916 
902 410 1679 
1708 1259 928 
1646 111 1357 
1465 471 977 
870 40 571 
870 176 453 
871 115 518 
1461 2 380 
1186 201 1661 
1671 21 1574 
873 588 1157 
202 1609 1161 
874 713 1370 
874 1262 493 
875 1309 236 
1471 434 693 
1330 1454 1558 
119 230 1443 
1551 206 592 
1689 72 715 
878 1193 125 
1211 1636 1556 
1093 988 1446 
879 372 212 
880 52 1020 
1197 597 1411 
499 792 232 
882 323 188 
882 1423 650 
1202 218 812 
1202 812 1497 
884 600 23 
884 1439 222 
1093 538 988 
885 1431 409 
886 65 285 
886 450 707 
887 1304 316 
887 400 950 
22 1696 947 
1412 543 817 
889 229 506 
889 572 545 
1209 1555 119 
1378 1330 1668 
891 788 392 
891 447 607 
892 155 1084 
892 1326 1562 
893 537 30 
893 631 756 
894 1621 80 
1685 1170 1557 
1294 895 151 
1218 895 237 
896 552 1244 
896 1155 552 
897 240 573 
897 1478 542 
898 450 157 
898 157 902 
899 10 785 
1417 402 872 
900 518 115 
900 1445 244 
48 117 921 
423 1563 405 
1220 1619 1325 
1508 1245 976 
1070 514 1031 
1323 120 1263 
1606 156 1087 
904 1403 1133 
905 250 411 
905 54 813 
906 1537 147 
1675 1463 792 
907 160 1382 
908 590 1597 
1663 1374 777 
1234 205 642 
909 418 918 
910 1147 419 
910 1384 511 
911 131 338 
911 533 799 
1434 1208 211 
260 1380 420 
913 594 63 
913 63 1475 
1237 261 913 
1237 1410 586 
915 500 264 
915 1335 1571 
916 266 426 
916 584 867 
1239 426 1686 
1239 168 426 
918 1240 1336 
1331 461 1234 
1011 1565 1582 
919 1011 1530 
920 170 1041 
920 97 1032 
921 1703 48 
1246 1295 1363 
922 169 274 
922 434 1135 
923 425 1137 
923 350 531 
924 1015 279 
924 1083 1474 
1252 279 1688 
1715 1253 1150 
1254 472 1194 
926 373 645 
927 1258 1480 
1618 1230 1160 
1130 196 1640 
1260 365 1127 
929 496 1597 
930 1074 416 
1546 1351 1506 
931 714 291 
931 71 462 
932 576 292 
932 1687 715 
1690 464 1610 
1690 1203 1371 
934 627 295 
934 165 359 
935 1691 299 
1692 84 1068 
1448 170 1211 
1604 300 568 
937 1266 335 
1418 1605 1411 
938 8 1258 
1368 301 578 
939 1339 433 
939 101 940 
940 818 302 
940 101 389 
1694 1440 1535 
1695 1327 1566 
942 42 1644 
1633 1622 1364 
943 483 733 
943 305 483 
944 305 843 
944 20 163 
945 487 89 
945 569 852 
489 71 1683 
946 461 309 
1272 1696 145 
947 997 1540 
948 1138 532 
1129 44 367 
949 1413 94 
949 1457 314 
950 400 141 
950 1466 541 
668 316 1570 
951 107 1420 
952 187 1021 
1112 408 318 
953 38 503 
1587 1264 318 
132 78 1630 
255 1208 1566 
319 1289 122 
1283 1389 1308 
354 1698 634 
1481 325 513 
957 853 1256 
958 244 1445 
958 404 244 
959 38 770 
1087 1617 1699 
960 327 360 
960 485 735 
255 1327 1487 
961 264 1110 
130 1320 331 
1448 1265 170 
963 1286 1416 
1106 1275 744 
964 7 980 
1390 127 504 
965 746 373 
966 344 576 
966 180 630 
967 186 1477 
1679 553 241 
968 98 1403 
559 848 1222 
969 1300 352 
970 1451 560 
970 1302 353 
351 885 223 
971 1701 1113 
1300 1048 352 
1302 1049 353 
974 357 636 
1158 848 1608 
975 357 1481 
975 512 1426 
976 1183 406 
976 37 1508 
977 359 638 
977 471 74 
978 116 588 
978 873 364 
979 366 641 
1355 460 1702 
980 1054 1462 
980 502 964 
1228 248 528 
981 1559 1010 
982 6 373 
983 1064 1055 
983 1435 150 
984 375 647 
984 596 795 
985 378 1423 
985 534 800 
986 382 653 
986 1469 340 
987 136 600 
987 222 382 
988 223 1446 
988 138 1460 
989 1060 1467 
989 1413 1428 
234 394 661 
990 491 740 
991 1715 1614 
1100 1062 395 
1319 1065 397 
993 1429 32 
993 830 331 
1659 324 1118 
995 240 542 
995 141 400 
996 241 553 
996 154 1200 
1703 1223 1219 
1272 145 546 
998 99 413 
998 604 319 
999 1162 1433 
999 1473 158 
1567 415 1535 
1000 445 810 
1115 1232 509 
1001 92 1329 
1002 417 682 
1002 1276 1550 
1003 1076 1468 
1003 630 45 
1004 261 1237 
1004 165 421 
1005 265 167 
1140 269 803 
1007 133 1704 
1007 1229 1424 
265 431 167 
1008 1640 1624 
1343 1494 436 
1010 1338 1577 
1081 1250 1472 
551 438 278 
1607 1498 1594 
1012 1120 1577 
1012 1199 1432 
1013 441 35 
1013 35 1388 
1014 442 10 
1014 612 764 
124 826 443 
624 427 267 
1352 451 678 
1352 285 557 
1017 262 572 
1017 66 453 
1018 178 574 
1018 67 456 
1019 1353 1531 
1019 1056 457 
1020 474 724 
1020 596 880 
1021 474 952 
1021 502 751 
478 1496 804 
124 1348 826 
1024 308 738 
1024 945 735 
1025 1105 104 
1025 1436 1372 
1026 1373 1114 
1026 549 1273 
1027 1449 292 
1027 576 858 
1028 1109 105 
1028 1178 1456 
1029 1249 1210 
1029 1450 498 
232 1667 321 
1030 583 58 
1031 1123 1453 
110 76 25 
1032 1458 270 
1032 613 920 
1274 1163 1447 
1033 1455 509 
1383 1116 1178 
1384 1117 511 
1036 332 521 
1037 339 534 
1038 1291 621 
1038 30 537 
1399 1154 550 
1040 563 738 
1040 564 846 
1041 568 724 
1041 580 920 
1042 43 575 
1043 577 49 
602 88 225 
1044 8 578 
1045 580 751 
1045 1288 1452 
1409 1248 582 
1047 1643 591 
1048 632 1299 
1048 972 1 
1049 633 1301 
1049 973 3 
1050 635 193 
1050 767 355 
1051 1182 196 
1051 976 358 
1052 640 1246 
1052 1553 1539 
1053 205 876 
1053 367 642 
1054 643 1305 
1054 980 7 
1055 214 983 
1055 374 646 
376 648 881 
1266 1418 628 
1057 650 378 
1057 479 729 
1058 651 379 
1620 690 1077 
1635 658 390 
1418 1266 937 
1060 659 391 
1060 989 231 
1061 393 619 
1061 935 1692 
1062 662 395 
1062 991 1181 
1063 235 129 
1063 530 1214 
1064 1483 374 
1064 983 150 
1065 665 1427 
1065 992 19 
1657 666 398 
1585 1476 814 
1067 611 95 
1067 399 1430 
1068 672 404 
1068 660 1692 
1059 1080 436 
1069 37 674 
1070 675 1632 
1070 247 903 
1071 153 610 
1071 152 1488 
1072 679 1433 
1549 472 722 
1073 1634 415 
566 1000 1532 
1074 681 1328 
1074 930 43 
1075 683 418 
1075 909 1164 
1076 684 1332 
1076 1003 45 
1077 690 1573 
1704 1574 1479 
1078 692 430 
1078 430 1559 
1079 694 1518 
1705 608 664 
1080 695 436 
1080 103 1372 
1010 1559 834 
1081 1345 696 
1082 439 1392 
1082 34 698 
1083 699 440 
1083 924 279 
1084 444 1326 
1084 155 1438 
1529 703 282 
703 1529 853 
1086 1485 1580 
1624 1640 1255 
1087 706 1606 
1257 210 777 
1088 711 288 
1088 174 1171 
1089 712 146 
1089 659 459 
1090 493 290 
1642 460 1355 
1091 717 466 
547 762 1119 
1706 393 1647 
393 1706 619 
1684 720 470 
1684 879 212 
1094 723 473 
1094 849 1169 
1095 725 475 
1095 820 12 
161 1664 1656 
1096 683 476 
478 1686 1167 
1097 1022 68 
1098 1487 680 
778 1693 1099 
825 1670 732 
1578 1609 1098 
1488 86 733 
1488 1511 409 
1101 734 224 
1101 139 9 
1102 736 449 
1102 625 469 
1103 1096 726 
1103 1592 1408 
1104 741 311 
1104 997 1394 
1105 743 104 
1105 1025 494 
963 93 1286 
1626 1454 1631 
1107 745 496 
1107 821 1598 
1108 936 1656 
1718 1261 1598 
1109 747 105 
1109 1028 498 
1110 329 574 
1110 500 749 
1111 750 501 
1111 1032 97 
1112 752 1227 
1112 318 953 
1113 755 1369 
1701 850 1152 
1114 31 1398 
1114 494 757 
1115 92 1001 
1115 509 1455 
1116 759 1456 
1116 1034 57 
1117 760 511 
1117 1035 162 
1492 1354 231 
1659 399 994 
1119 109 915 
1568 83 1623 
1660 763 1392 
1120 1012 59 
1121 764 356 
1121 388 280 
1122 778 1124 
11 762 767 
1123 768 501 
1123 1031 1459 
1124 1609 1578 
1632 675 1256 
1125 771 296 
132 1681 78 
1126 116 1019 
1126 519 1662 
1127 288 711 
1127 365 776 
1128 1663 777 
1128 1548 520 
1129 780 313 
1129 948 44 
1508 1680 270 
1664 1449 1656 
1131 782 368 
1493 1665 120 
1132 334 718 
1132 721 1190 
1133 248 1711 
1133 98 790 
1134 629 337 
746 965 1390 
1135 793 55 
1135 567 922 
1136 214 1055 
1136 646 83 
1687 932 463 
436 1628 1059 
1138 1495 1712 
1138 948 1713 
1596 798 1310 
1596 1713 1275 
1140 803 429 
1359 1503 1651 
1700 849 473 
1161 1389 202 
1142 1610 73 
1142 536 805 
1612 1143 539 
1673 811 1191 
1144 226 707 
1144 34 1082 
1187 819 230 
739 390 658 
1146 820 1590 
1146 740 310 
1147 822 419 
1147 910 1236 
1148 526 1677 
1595 808 1317 
1149 1714 804 
1149 1444 77 
1150 1499 548 
149 1150 1253 
1151 214 794 
1151 549 828 
1152 829 508 
1152 850 55 
1471 693 17 
1153 1081 1472 
1154 831 550 
1154 1039 345 
1155 832 1615 
1155 896 1400 
730 717 1645 
615 1371 112 
1157 834 430 
21 1671 1156 
554 325 974 
1158 220 1521 
1501 233 1500 
1677 1326 1349 
1160 706 1165 
1593 1230 927 
232 838 558 
1667 232 1379 
1162 839 414 
1162 999 158 
1163 840 1404 
1163 1033 1382 
1164 258 1075 
1164 1716 1189 
1165 283 1160 
1165 1651 283 
1166 842 1405 
1166 760 1117 
1581 1650 535 
478 804 1714 
1168 687 426 
1168 627 543 
1169 849 169 
1169 428 689 
1170 851 390 
1685 894 80 
1171 174 853 
1171 1584 1088 
1172 570 304 
1172 810 288 
1694 495 1440 
1173 148 1717 
1174 245 673 
1174 1613 709 
1175 859 470 
1175 667 239 
1176 1365 458 
862 882 188 
1177 864 582 
1177 1025 104 
510 496 1321 
1178 1028 105 
1179 107 1206 
276 59 1072 
1180 839 440 
193 1719 1050 
1181 195 1062 
1181 1614 1396 
110 601 525 
637 1485 704 
1219 868 1703 
1183 976 1051 
1184 197 1410 
869 730 1536 
1185 201 363 
1185 115 871 
1186 402 639 
1186 1583 872 
1559 981 698 
383 1644 203 
1188 460 742 
1188 128 1309 
1716 642 44 
1189 532 841 
1190 122 524 
1190 721 208 
1191 221 1306 
1202 1672 218 
1192 525 655 
1192 734 484 
705 1193 878 
1641 594 16 
1194 79 1639 
1194 754 1254 
1195 128 1586 
1437 705 1241 
1196 1398 31 
1572 1626 1342 
1197 216 597 
1197 797 1495 
1198 581 0 
919 1530 1441 
1199 651 599 
1199 1012 1338 
1200 401 996 
981 1010 1577 
1201 612 899 
1201 1560 108 
218 369 208 
1673 1202 1143 
1203 221 811 
1176 694 1575 
1204 222 1439 
1204 554 1401 
1205 78 896 
1205 351 223 
1206 887 541 
1206 763 1179 
1207 753 143 
228 388 60 
1590 1696 22 
1720 1590 955 
1209 1513 1555 
1209 1362 1637 
1210 606 1277 
1210 32 1429 
50 731 607 
50 878 482 
1212 1515 1607 
1212 562 1546 
1213 1334 1513 
1213 1419 691 
663 396 691 
1214 530 894 
1215 1517 608 
1215 793 236 
1216 236 793 
1216 434 1471 
1217 237 1427 
798 376 1310 
237 895 1427 
1218 963 609 
1219 1130 868 
153 1615 1279 
902 241 898 
241 902 1679 
1221 673 245 
1221 456 670 
1222 1521 1691 
1324 123 523 
1223 406 1183 
1322 657 1682 
1508 37 1069 
1085 41 1006 
1225 903 407 
1225 28 675 
1226 750 614 
1627 1493 120 
1227 1522 1711 
1227 408 1112 
1228 676 248 
1228 528 1386 
1229 679 599 
1229 1007 253 
147 253 1479 
1537 499 558 
1231 148 941 
1566 1327 255 
1232 907 1382 
1232 1001 1328 
1547 1513 1312 
1541 520 1710 
1234 461 205 
1234 642 1629 
1235 532 1712 
1591 1605 937 
1236 910 511 
1236 949 94 
1237 586 1004 
1237 913 1475 
1238 915 109 
1238 1481 513 
1686 426 266 
1239 1714 917 
1240 918 418 
1240 1653 268 
1241 824 1676 
1241 705 447 
1242 660 1562 
621 1499 1649 
1243 1525 1700 
1648 1549 1361 
1669 622 100 
622 1156 803 
1245 270 1458 
1245 358 976 
83 1195 1623 
1553 801 1539 
275 1705 1079 
1247 1600 829 
1248 695 582 
1248 1046 56 
1249 32 1210 
1249 498 1376 
1250 759 550 
1250 1081 277 
1251 158 1473 
624 1516 1676 
1252 1527 1638 
1688 1015 1348 
1253 1528 1589 
1715 991 1100 
1254 213 472 
1254 754 926 
1255 703 62 
1624 704 1008 
1256 1529 1632 
957 1422 1584 
836 1011 448 
1257 1321 69 
1258 490 938 
1258 8 1480 
1259 287 928 
1689 1356 72 
1260 1597 590 
1260 711 929 
1261 712 289 
758 821 1674 
1262 179 493 
1263 407 1323 
1263 1665 1678 
1264 38 318 
1264 1587 1543 
1265 568 170 
1448 851 1170 
1266 628 184 
1538 1179 1490 
1267 302 477 
1267 185 1339 
691 1419 1588 
489 1683 946 
1269 12 820 
1269 310 755 
1270 677 1395 
1270 22 947 
1271 136 394 
1671 429 803 
1272 947 1696 
1272 546 1322 
1273 312 1026 
1273 549 1397 
1274 312 1455 
1324 217 123 
1713 948 1129 
41 1085 1708 
1276 780 1550 
1276 1002 1491 
1277 314 1450 
1277 606 1413 
1278 747 314 
1278 760 560 
1279 1658 315 
1615 153 306 
1280 355 767 
951 719 316 
1281 1544 1545 
1544 1281 47 
1282 51 1015 
321 838 232 
1697 354 106 
956 1697 761 
1284 958 1445 
1284 513 325 
1285 1662 519 
1708 928 41 
1286 93 492 
1602 962 535 
1287 779 591 
1287 641 118 
1288 782 614 
1288 1045 333 
1289 319 604 
1625 817 524 
1290 800 1097 
1290 303 801 
827 1195 1586 
1291 1038 340 
1292 343 815 
1292 1478 1563 
1293 822 391 
1293 858 344 
1294 831 397 
151 895 609 
1295 346 1363 
1295 589 833 
1296 968 1403 
1296 927 347 
1297 352 864 
1297 104 969 
1298 353 865 
1298 105 1451 
1299 864 352 
1299 632 190 
1300 972 1048 
1300 969 1404 
1301 865 353 
1301 633 191 
1302 973 1049 
1302 970 1405 
1303 4 1698 
1304 951 316 
1304 887 1206 
1305 1551 1131 
1305 643 206 
1306 221 381 
1548 1066 492 
1307 1386 372 
1307 126 676 
1283 1324 211 
746 1390 1599 
1552 374 664 
1309 875 1188 
1310 881 1495 
376 798 1217 
1311 219 834 
1311 1157 802 
1661 380 765 
380 1661 1461 
1313 226 1466 
1313 141 386 
796 396 894 
1187 739 1145 
1315 309 90 
1315 688 823 
1242 1520 1482 
1316 1515 1717 
1317 311 741 
701 1654 1148 
1318 395 662 
1318 11 1346 
1319 397 831 
1319 345 992 
1320 993 331 
1230 1593 1160 
1321 496 745 
1492 1657 424 
1322 546 246 
1322 246 657 
1564 247 1226 
1323 407 903 
238 1308 535 
936 28 1225 
1325 752 156 
1325 1619 904 
1417 1201 899 
351 1244 885 
1695 941 1694 
1208 1609 202 
1328 416 1074 
1328 256 1232 
416 1568 930 
1329 92 794 
1683 417 876 
1330 757 1668 
1331 90 461 
1331 909 918 
1332 910 419 
1332 684 259 
1333 16 421 
1333 845 336 
668 1570 96 
1334 1555 1513 
1335 915 264 
1335 686 96 
1336 90 918 
1337 778 825 
267 427 1336 
1676 919 1241 
1338 219 1199 
1577 439 981 
1339 342 433 
1339 939 1267 
1340 17 979 
1340 1355 1702 
1341 214 1151 
1510 435 1435 
1572 435 1196 
806 1620 1058 
1343 1009 1494 
1343 695 1248 
1391 1348 124 
1576 531 235 
1345 993 32 
437 258 1591 
1346 11 1719 
1346 699 1318 
1347 443 1639 
1347 1700 473 
1348 51 529 
1688 1391 1252 
1349 884 23 
1677 1501 1326 
1350 445 1000 
1059 1628 644 
1546 1506 854 
562 175 117 
1352 557 113 
1512 604 753 
1353 457 710 
1353 287 1531 
1655 745 1442 
1354 659 1060 
1355 204 1642 
1702 875 1216 
1356 592 72 
1356 1526 1678 
1357 515 770 
1357 770 912 
1603 789 126 
1603 879 1684 
667 611 1067 
1519 470 720 
1681 859 1400 
1554 296 1091 
1361 118 641 
1549 1648 1243 
258 437 476 
1176 458 1518 
1363 479 1246 
1363 346 1477 
1364 1484 1633 
1707 1682 657 
85 1561 809 
1693 671 403 
1444 804 1141 
1444 1366 787 
1367 346 833 
1367 1616 967 
1368 726 301 
1368 578 938 
1369 491 756 
1369 755 310 
1370 204 641 
1370 1643 874 
1605 1591 1235 
290 493 857 
276 1490 59 
1372 757 494 
1373 1026 312 
1373 743 494 
777 510 1321 
1374 908 1597 
1375 1027 146 
1375 712 1261 
1376 1028 277 
1376 696 1249 
1377 1030 748 
1377 1658 1697 
1603 1684 1476 
555 1617 326 
1379 1390 504 
1337 825 732 
1380 322 505 
1380 260 818 
1600 508 829 
1381 725 12 
1382 509 1232 
1382 160 1163 
1383 1178 865 
1383 191 1034 
1384 1035 1117 
1384 910 1332 
1385 118 722 
1385 213 521 
1386 24 372 
1387 1604 1621 
1387 795 300 
1388 1504 1013 
1388 220 1158 
1700 1347 79 
912 466 1646 
1610 783 1690 
1610 464 73 
1497 539 1143 
539 1645 771 
1392 439 1660 
1392 541 1466 
1393 658 546 
1393 145 1720 
997 947 1272 
921 1707 657 
677 311 1317 
1395 91 990 
1396 986 61 
1396 636 1181 
1397 794 92 
758 1598 821 
1398 1026 1114 
1678 1551 1356 
1399 550 759 
1399 57 1039 
1400 78 1681 
1400 1507 1155 
1401 974 61 
1401 653 1204 
1617 555 1699 
1402 503 959 
1403 556 1296 
1403 98 1133 
1404 1447 1163 
1404 348 1300 
1405 970 560 
1405 842 349 
1406 102 565 
1407 1622 137 
1622 1407 481 
1408 1592 490 
1503 1618 283 
1409 1046 1248 
1409 864 1299 
1410 197 586 
1410 914 111 
1411 597 81 
1411 81 1418 
1706 523 123 
1412 888 543 
1413 989 94 
1413 949 1277 
1414 731 243 
1414 403 788 
1415 1275 1106 
1415 798 1596 
1416 609 963 
1416 331 830 
1417 242 670 
1326 1159 1562 
1211 170 613 
1556 1636 1635 
691 1579 663 
1015 924 1251 
1420 355 951 
1420 107 635 
1421 1182 1051 
1421 768 1123 
881 216 1197 
648 376 665 
1423 378 650 
1423 882 862 
1424 133 1007 
1424 599 651 
1425 146 858 
1425 391 659 
1426 195 975 
1426 512 662 
1427 665 1217 
1427 895 397 
1428 231 989 
1428 606 666 
1429 666 1210 
1429 993 1320 
1430 399 832 
1430 239 667 
1431 153 1071 
1431 306 153 
1432 59 1012 
1432 599 679 
1433 253 999 
1433 414 1072 
686 573 96 
686 961 178 
1435 694 150 
1510 983 1341 
1436 695 1080 
1436 1025 1177 
424 130 1066 
701 600 1271 
1438 702 1084 
1438 835 554 
1439 702 1204 
1439 884 1349 
1092 704 1624 
1694 941 1173 
1441 1641 1437 
1441 63 594 
1442 459 1655 
1442 289 712 
475 1233 1362 
1443 819 1720 
1444 787 77 
1693 403 1099 
1445 36 1284 
1445 900 480 
21 1675 1537 
121 464 786 
1447 743 1274 
1447 969 104 
93 1710 492 
1448 1170 80 
1656 936 161 
1449 1027 1375 
1450 747 498 
1450 1029 1277 
1451 747 1278 
1451 970 1298 
1452 97 1045 
1452 614 750 
1453 247 1031 
1453 501 750 
1330 31 757 
1454 1378 1631 
1455 1273 1115 
1455 1033 1274 
1456 277 1028 
1456 1178 1116 
1457 760 1278 
1457 949 1236 
1458 768 1245 
1458 1032 1111 
1459 769 1182 
1459 1031 514 
1460 384 988 
1460 138 1612 
2 773 299 
1461 201 871 
1462 333 980 
1462 368 782 
1463 629 1134 
1463 1675 1669 
1464 608 829 
1464 55 793 
1465 812 471 
1465 197 869 
1466 1144 1392 
1466 950 1313 
1467 94 989 
1467 391 822 
1468 344 1003 
1468 419 822 
827 575 1623 
1469 986 1396 
151 830 1153 
609 895 1218 
1471 1340 1702 
830 993 1345 
1472 151 1153 
1472 550 831 
1473 838 1251 
1473 999 1523 
1474 158 924 
1474 440 839 
1475 914 1237 
1475 555 844 
1585 1360 954 
1681 814 859 
1477 346 967 
1477 186 861 
1512 1412 1625 
1478 405 1563 
1479 253 1007 
1574 1704 1077 
1480 347 927 
1481 109 975 
957 1601 1422 
1482 1061 660 
1242 1159 1501 
1483 1064 150 
1483 1079 1705 
1484 304 1633 
1484 680 1634 
458 725 1381 
446 637 495 
1486 1087 1699 
1486 1470 1165 
1360 1543 954 
1487 1327 680 
1488 409 1071 
1059 644 1668 
1489 1104 175 
1489 1498 741 
1490 1120 59 
1490 276 1538 
1491 520 1276 
1491 257 1663 
1651 1582 1516 
463 1526 1689 
1493 1131 1665 
1627 1226 614 
1494 1137 436 
1494 1009 172 
130 424 1320 
1495 797 1712 
1496 1141 804 
962 1581 535 
1497 1143 1202 
1497 869 1536 
1498 1148 1654 
1148 1498 526 
1499 1150 149 
1242 1501 1500 
733 483 615 
733 615 1344 
1501 526 233 
1500 1647 1520 
1502 1160 1593 
1220 1325 1606 
1503 283 1651 
1709 1359 1653 
1504 266 1013 
1504 1388 1608 
1265 1604 568 
1505 1448 80 
1506 1173 854 
1506 1351 446 
1507 1175 239 
1507 1400 859 
1130 1219 196 
1130 1086 868 
1509 1195 83 
1509 374 1552 
1510 1196 435 
1510 1435 983 
1511 1488 733 
1511 1446 885 
1412 228 888 
1207 1512 753 
1513 1547 1213 
1334 396 796 
877 1141 901 
1257 777 1321 
1515 854 1717 
1515 233 1607 
1213 396 1334 
1419 1631 1588 
1517 1215 236 
1517 1309 1552 
933 1350 1000 
1244 1205 896 
1519 1175 470 
1519 720 183 
1520 1242 1500 
804 1444 1149 
1521 1222 848 
566 304 1073 
1522 752 1325 
1522 904 1711 
1523 558 1473 
1523 147 1537 
1139 1231 941 
1524 1647 1717 
1525 17 274 
1525 849 1700 
1526 463 781 
436 1137 1628 
1527 1252 925 
1527 1715 1100 
1268 1578 1098 
1528 925 1391 
1529 1256 853 
1224 1558 1454 
1530 63 1441 
1011 919 1565 
1531 519 1126 
1531 287 1259 
1532 304 566 
1532 810 1172 
1533 781 161 
1533 407 1263 
730 1184 111 
121 615 14 
912 1264 466 
912 770 38 
730 869 1184 
1536 730 1645 
217 935 619 
217 559 1222 
301 1266 860 
1538 193 635 
1539 364 1052 
1539 801 303 
1540 1270 947 
1540 1104 311 
1541 1276 520 
1541 93 744 
1542 832 399 
1418 937 1605 
1543 466 1264 
1543 1554 1091 
1544 47 1306 
1544 652 1545 
1281 1545 319 
1545 652 320 
1546 854 1212 
499 1537 1675 
330 1285 690 
330 690 1620 
1548 1128 210 
883 1514 424 
1549 722 1361 
1516 624 268 
119 475 1362 
1550 367 1053 
1551 1305 206 
1551 592 1356 
1552 128 1509 
1552 664 1517 
1553 1057 378 
83 1568 1136 
1554 1125 296 
1554 1543 1360 
1555 230 119 
1555 796 1314 
1556 390 851 
1556 851 1211 
1557 1170 390 
1187 1145 819 
1558 1196 31 
1558 31 1330 
1559 430 834 
1559 698 1200 
1560 455 866 
1560 1201 1417 
1561 481 1407 
1578 1122 1124 
1562 404 892 
1562 1159 1242 
1563 846 1292 
901 732 1670 
1564 903 247 
1564 1226 1627 
1549 1243 79 
276 193 1538 
1561 1407 809 
238 1283 1308 
1567 1073 415 
1092 637 704 
1568 794 1136 
930 1568 1623 
1569 418 683 
1569 1096 1653 
719 1570 316 
719 1280 547 
1571 1335 1570 
1571 547 1119 
1315 427 688 
1572 1196 1224 
1573 429 1077 
1573 1085 1140 
1574 1077 429 
1671 803 1156 
1575 435 1572 
694 1176 1518 
1576 235 1063 
796 1557 1314 
1577 1120 439 
1187 1557 739 
1326 444 1349 
1124 1161 1609 
933 1000 566 
933 1092 1350 
1580 868 1086 
1580 446 1351 
1581 1608 1650 
1437 1193 705 
153 1279 315 
1470 1582 1651 
1583 455 1560 
1583 1186 1661 
957 1171 853 
1422 28 1108 
1657 231 1428 
424 398 1320 
1586 290 827 
1586 128 1188 
1587 954 1543 
1587 318 789 
1585 954 1358 
1360 1585 814 
1589 149 1253 
1589 443 723 
1590 22 1146 
955 475 1443 
1591 841 1235 
1591 937 437 
1592 938 490 
1592 1103 726 
1593 556 1502 
1593 927 1296 
1594 1498 1489 
1594 562 1212 
1595 701 808 
1595 1317 741 
1596 1310 1138 
1596 1138 1713 
929 1597 1260 
1597 496 510 
1598 289 1107 
1718 1108 497 
1599 792 1134 
1390 965 127 
1678 781 1263 
1600 755 1113 
1601 675 28 
1601 957 1256 
130 1286 492 
1286 130 331 
1603 527 879 
1603 1476 1585 
1604 1387 300 
936 1533 161 
1605 797 1411 
1371 615 786 
1189 948 532 
1606 1325 156 
1198 862 581 
1198 1037 534 
1608 1388 1158 
1608 1581 1167 
1098 255 1487 
1578 1268 1122 
294 1630 1125 
796 1555 1334 
1611 471 812 
1611 218 208 
1612 138 1673 
1612 539 771 
1613 573 178 
1613 1174 1478 
1614 1181 991 
1614 1150 548 
1615 832 1279 
1637 1626 890 
1616 486 967 
1616 1367 1679 
1617 959 326 
1617 1087 1402 
1618 1160 283 
1618 1408 490 
1619 1403 904 
556 1220 1502 
1537 906 21 
499 1675 792 
1621 530 1387 
80 1621 1505 
1622 481 1364 
1622 942 137 
1623 575 930 
1568 416 1329 
1624 1255 62 
1008 1086 1130 
1625 1412 817 
1625 524 1289 
1106 1218 1415 
1470 1486 448 
1627 614 782 
1607 233 526 
559 1650 848 
535 559 238 
1629 909 1234 
1629 642 1716 
1630 654 384 
132 294 1360 
1631 890 1626 
1675 21 1156 
1632 514 1070 
514 1632 769 
1633 942 1622 
1633 304 570 
1634 1327 1695 
1634 1073 1484 
796 894 1685 
1635 1069 246 
1579 1588 644 
1508 1636 1680 
1637 1312 1209 
1637 1362 1365 
1638 279 1252 
1638 395 699 
1639 281 1194 
1639 79 1347 
1640 585 1255 
1640 1008 1130 
1641 1441 594 
1324 238 559 
1642 1090 460 
1642 204 713 
1643 1370 591 
1643 1047 70 
1644 714 137 
1644 42 203 
1645 296 771 
1645 539 1536 
1646 730 111 
1646 466 717 
1647 1524 1706 
1647 1500 1316 
1648 17 1525 
1648 1361 366 
1649 1094 621 
1649 149 723 
1095 475 955 
475 119 1443 
1444 482 1366 
243 877 1670 
825 1099 1670 
1602 732 962 
739 1557 390 
1569 1240 418 
1675 1156 1669 
1654 1595 741 
69 1321 745 
1655 459 1354 
1656 497 1108 
1664 781 463 
1626 1637 1342 
1626 1224 1454 
1658 1377 315 
1658 1279 1542 
1659 761 1542 
1659 994 324 
1660 1179 763 
1660 439 1120 
1661 765 1583 
1661 201 1461 
1662 775 1126 
1662 1285 330 
1663 908 1374 
1663 1128 1491 
1664 292 1449 
1664 161 781 
1665 1263 120 
1665 1131 1551 
112 1093 1446 
1666 112 1371 
1667 504 791 
499 232 558 
1668 103 1059 
1668 757 103 
1669 100 1463 
1620 133 1058 
901 1141 732 
1670 1099 243 
808 394 91 
1271 600 136 
1672 1306 47 
1672 369 218 
1673 138 811 
1673 1191 1672 
1674 929 711 
1674 1088 1584 
1066 1548 883 
1108 28 936 
268 267 1240 
1676 824 427 
1677 23 1148 
69 745 1655 
1600 1247 1381 
1398 1196 828 
1679 1367 553 
1679 410 837 
1680 613 1032 
1211 1680 1636 
814 1476 859 
814 1681 132 
1682 997 1272 
1682 1707 1394 
1683 876 946 
1683 71 931 
1219 1223 1183 
1093 1666 538 
1599 1379 792 
1685 80 1170 
1686 266 1504 
1686 478 1714 
1137 425 1628 
1137 172 923 
1688 279 1015 
1252 1391 925 
495 1173 1506 
1708 1285 519 
1690 786 464 
1690 783 1203 
1691 935 217 
1691 134 299 
1692 660 1061 
1692 935 84 
1224 1626 1572 
1365 1362 1233 
1694 415 1695 
1694 1173 495 
1695 1139 941 
1695 415 1634 
1501 1677 526 
1696 1720 145 
1697 106 1377 
354 1697 956 
1698 956 1303 
1698 4 634 
1699 555 836 
1699 448 1486 
732 1602 1652 
746 1134 337 
1701 971 189 
1701 1152 508 
1702 460 1188 
1702 1216 1471 
1703 868 1580 
1707 117 1394 
1704 133 1077 
1704 1479 1007 
1705 664 1483 
1705 1247 608 
1244 1431 885 
1706 1016 523 
1364 680 1484 
1364 481 1098 
997 1104 1540 
1394 997 1682 
1354 1492 708 
956 761 1118 
1710 520 1548 
1710 93 1541 
1711 248 1227 
1711 904 1133 
1712 797 1235 
1712 532 1138 
1139 1695 1566 
1713 313 1275 
1714 1149 917 
1714 1239 1686 
1715 1150 1614 
1715 925 1253 
1716 1164 1629 
1716 44 1189 
1717 148 1524 
1717 854 1173 
859 1175 1507 
859 1476 470 
1719 1180 1346 
1719 767 1050 
1720 955 1443 
211 523 1016 
-3 -3 -3 